3 0.953906 0.687793 0.085938 0.117371
9 0.721094 0.559859 0.095312 0.115023
3 0.367188 0.663146 0.056250 0.105634
2 0.282031 0.481221 0.017188 0.037559
2 0.400781 0.531690 0.020313 0.049296
2 0.674219 0.475352 0.023438 0.039906
2 0.696094 0.458920 0.017188 0.030516
2 0.338281 0.330986 0.007812 0.014085
2 0.401562 0.307512 0.006250 0.009390
2 0.477344 0.329812 0.007812 0.016432
16 0.297656 0.308685 0.014063 0.016432
6 0.314844 0.307512 0.014063 0.023474
1 0.282813 0.298122 0.018750 0.037559
1 0.278906 0.272300 0.017188 0.014085
3 0.329688 0.436620 0.021875 0.046948
3 0.305469 0.379108 0.017188 0.030516
3 0.495312 0.393192 0.021875 0.035211
3 0.431250 0.341549 0.012500 0.025822
8 0.414062 0.343897 0.021875 0.030516
0 0.367188 0.415493 0.031250 0.032864
0 0.303906 0.335681 0.017188 0.023474
0 0.414844 0.314554 0.017188 0.018779
0 0.371094 0.313380 0.014063 0.021127
0 0.322656 0.291080 0.007812 0.009390
0 0.311719 0.272300 0.007812 0.009390
0 0.339062 0.278169 0.009375 0.011737
0 0.302344 0.292254 0.004687 0.011737
3 0.390625 0.308685 0.009375 0.016432
0 0.357031 0.346244 0.020313 0.025822
3 0.360156 0.285211 0.004687 0.011737
1 0.511719 0.357981 0.051562 0.044601