0 0.879687 0.829412 0.093750 0.157647
0 0.251563 0.840000 0.150000 0.141176
3 0.483594 0.702353 0.054688 0.096471
10 0.300781 0.684706 0.032813 0.056471
8 0.381250 0.702353 0.043750 0.120000
4 0.352344 0.670588 0.014063 0.070588
0 0.503125 0.641176 0.037500 0.025882
0 0.473438 0.617647 0.056250 0.040000
2 0.459375 0.580000 0.021875 0.035294
0 0.547656 0.598824 0.048438 0.049412
0 0.500781 0.581176 0.045312 0.032941
0 0.574219 0.552941 0.020313 0.042353
9 0.523438 0.544706 0.043750 0.040000
2 0.492969 0.555294 0.010937 0.014118
7 0.554688 0.532941 0.018750 0.044706
3 0.502344 0.503529 0.017188 0.028235
3 0.539844 0.487059 0.017188 0.028235
3 0.568750 0.483529 0.015625 0.025882
3 0.589844 0.478824 0.010937 0.025882
3 0.603125 0.483529 0.012500 0.025882
3 0.705469 0.470588 0.010937 0.023529
3 0.786719 0.571765 0.023438 0.051765
0 0.621875 0.470588 0.015625 0.018824
0 0.609375 0.462353 0.012500 0.016471
0 0.633594 0.460000 0.007812 0.016471
0 0.719531 0.481176 0.014063 0.021176
0 0.737500 0.494118 0.009375 0.028235
0 0.679688 0.443529 0.009375 0.011765
0 0.663281 0.464706 0.014063 0.007059
2 0.655469 0.521176 0.014063 0.025882
1 0.688281 0.460000 0.017188 0.016471
6 0.677344 0.476471 0.017188 0.016471
6 0.681250 0.515294 0.031250 0.061176
6 0.714063 0.432941 0.009375 0.014118