7 0.475781 0.917708 0.151562 0.160417
0 0.615625 0.913542 0.153125 0.168750
0 0.806250 0.948958 0.206250 0.097917
7 0.702344 0.803125 0.164062 0.168750
3 0.550781 0.770833 0.076563 0.133333
10 0.869531 0.629167 0.029687 0.045833
2 0.771875 0.601042 0.031250 0.043750
6 0.439063 0.736458 0.134375 0.197917
0 0.495312 0.698958 0.071875 0.097917
8 0.584375 0.695833 0.109375 0.108333
0 0.344531 0.662500 0.064062 0.083333
0 0.445312 0.623958 0.068750 0.068750
0 0.539844 0.625000 0.073438 0.066667
0 0.493750 0.580208 0.056250 0.056250
3 0.355469 0.602083 0.039062 0.058333
0 0.414062 0.585417 0.059375 0.058333
3 0.370312 0.584375 0.037500 0.064583
0 0.442188 0.548958 0.046875 0.047917
0 0.391406 0.544792 0.045312 0.039583
0 0.325000 0.569792 0.043750 0.056250
0 0.432812 0.518750 0.040625 0.033333
0 0.321875 0.533333 0.037500 0.020833
2 0.462500 0.516667 0.012500 0.020833
9 0.435156 0.488542 0.029687 0.039583
1 0.373437 0.492708 0.046875 0.085417
3 0.330469 0.510417 0.026562 0.037500
0 0.304688 0.492708 0.028125 0.031250
0 0.408594 0.484375 0.023438 0.031250
3 0.335156 0.485417 0.023438 0.033333
6 0.415625 0.454167 0.028125 0.029167
0 0.321094 0.469792 0.023438 0.014583
0 0.317969 0.463542 0.023438 0.022917
0 0.343750 0.461458 0.018750 0.022917
2 0.280469 0.468750 0.007812 0.016667
0 0.346875 0.446875 0.021875 0.014583
1 0.311719 0.437500 0.032813 0.054167
9 0.336719 0.426042 0.017188 0.027083
0 0.380469 0.428125 0.014063 0.018750
2 0.282031 0.438542 0.004687 0.010417
3 0.292969 0.434375 0.007812 0.022917
2 0.346094 0.380208 0.004687 0.006250
2 0.340625 0.380208 0.003125 0.006250
2 0.332031 0.380208 0.001563 0.006250
2 0.322656 0.379167 0.001563 0.004167
6 0.691406 0.470833 0.051562 0.033333