14 0.572656 0.894587 0.089063 0.193732
8 0.681250 0.888889 0.103125 0.165242
0 0.521094 0.773504 0.051562 0.099715
8 0.445312 0.739316 0.050000 0.105413
0 0.586719 0.710826 0.048438 0.076923
0 0.516406 0.665242 0.035937 0.065527
10 0.589844 0.652422 0.007812 0.039886
10 0.557031 0.641026 0.007812 0.034188
2 0.577344 0.631054 0.007812 0.031339
0 0.483594 0.602564 0.042188 0.048433
0 0.542969 0.605413 0.045312 0.048433
7 0.609375 0.588319 0.059375 0.048433
19 0.086719 0.866097 0.114062 0.170940
2 0.059375 0.772080 0.025000 0.039886
0 0.307031 0.625356 0.045312 0.054131
0 0.365625 0.611111 0.046875 0.048433
2 0.339844 0.602564 0.014063 0.031339
3 0.293750 0.525641 0.015625 0.031339
8 0.549219 0.579772 0.057813 0.042735
12 0.521094 0.556980 0.039062 0.048433
0 0.567969 0.559829 0.045312 0.031339
7 0.448437 0.561254 0.053125 0.045584
0 0.445312 0.524217 0.015625 0.028490
0 0.428906 0.527066 0.014063 0.022792