2 0.332813 0.488176 0.040625 0.104730
3 0.240625 0.447635 0.068750 0.172297
3 0.178125 0.675676 0.093750 0.256757
10 0.358594 0.908784 0.048438 0.155405
2 0.208594 0.910473 0.045312 0.118243
2 0.278906 0.917230 0.051562 0.145270
0 0.093750 0.910473 0.165625 0.158784
0 0.206250 0.273649 0.068750 0.121622
2 0.346094 0.185811 0.020313 0.060811
7 0.300000 0.097973 0.037500 0.081081
2 0.343750 0.074324 0.015625 0.040541
3 0.412500 0.109797 0.021875 0.070946
4 0.390625 0.067568 0.015625 0.067568
3 0.375781 0.052365 0.014063 0.057432
3 0.372656 0.010135 0.020313 0.020270
0 0.509375 0.233108 0.043750 0.108108