0 0.204687 0.945070 0.090625 0.098592
7 0.317188 0.938028 0.071875 0.112676
0 0.416406 0.971831 0.067187 0.045070
0 0.554688 0.888732 0.071875 0.104225
9 0.227344 0.839437 0.064062 0.123944
2 0.492969 0.929577 0.023438 0.073239
2 0.160156 0.911268 0.026562 0.064789
6 0.312500 0.842254 0.059375 0.129577
0 0.603906 0.839437 0.064062 0.090141
0 0.154688 0.780282 0.103125 0.067606
0 0.394531 0.912676 0.076563 0.112676
2 0.441406 0.891549 0.026562 0.053521
0 0.470313 0.830986 0.056250 0.090141
0 0.577344 0.787324 0.045312 0.070423
12 0.500781 0.773239 0.051562 0.098592
9 0.333594 0.766197 0.045312 0.107042
3 0.261719 0.774648 0.032813 0.084507
3 0.407031 0.829577 0.039062 0.087324
7 0.389844 0.794366 0.051562 0.101408
0 0.449219 0.778873 0.051562 0.059155
1 0.314844 0.698592 0.051562 0.129577
0 0.474219 0.729577 0.029687 0.050704
1 0.481250 0.639437 0.065625 0.095775
1 0.342969 0.616901 0.048438 0.067606
1 0.437500 0.614085 0.025000 0.067606
1 0.410938 0.583099 0.025000 0.056338
0 0.415625 0.687324 0.034375 0.033803