10 0.487500 0.430469 0.063889 0.104688
10 0.315278 0.371875 0.019444 0.031250
4 0.126389 0.386719 0.063889 0.064062
0 0.640278 0.398438 0.169444 0.050000
0 0.798611 0.432812 0.202778 0.068750
4 0.798611 0.390625 0.052778 0.018750
0 0.556944 0.383594 0.091667 0.039062
1 0.729167 0.364844 0.169444 0.051562
1 0.844444 0.366406 0.055556 0.032813
1 0.898611 0.383594 0.069444 0.067187
1 0.948611 0.411719 0.091667 0.135937
1 0.622222 0.359375 0.061111 0.028125
1 0.487500 0.358594 0.058333 0.026562
6 0.037500 0.412500 0.075000 0.059375
4 0.050000 0.367969 0.050000 0.035937
4 0.118056 0.349219 0.013889 0.007812
10 0.165278 0.357031 0.008333 0.017188