4 0.137500 0.441667 0.087500 0.087500
5 0.395313 0.438542 0.165625 0.081250
11 0.554688 0.448958 0.056250 0.060417
4 0.667969 0.459375 0.042188 0.056250
11 0.685156 0.445833 0.032813 0.033333
11 0.716406 0.455208 0.039062 0.043750
4 0.769531 0.461458 0.032813 0.047917
10 0.744531 0.461458 0.014063 0.031250
11 0.753125 0.457292 0.015625 0.035417
11 0.894531 0.464583 0.023438 0.033333
5 0.916406 0.459375 0.023438 0.035417
2 0.930469 0.470833 0.014063 0.029167
11 0.975000 0.466667 0.012500 0.016667