1 0.805469 0.412256 0.382812 0.612813
4 0.337500 0.456825 0.043750 0.094708
4 0.442969 0.456825 0.026562 0.083565
15 0.457813 0.412256 0.018750 0.022284
15 0.425781 0.410864 0.010937 0.019499
8 0.497656 0.433148 0.020313 0.041783
0 0.546875 0.435933 0.025000 0.030641
15 0.550781 0.406685 0.039062 0.022284
8 0.566406 0.435933 0.023438 0.030641
8 0.609375 0.426184 0.025000 0.022284
4 0.519531 0.442897 0.035937 0.061281
15 0.405469 0.410864 0.010937 0.013928
9 0.478125 0.420613 0.018750 0.022284
13 0.490625 0.479109 0.034375 0.050139
4 0.458594 0.440111 0.014063 0.044568