1 0.599219 0.420613 0.132812 0.189415
2 0.766406 0.498607 0.045312 0.116992
4 0.465625 0.476323 0.037500 0.116992
4 0.432031 0.431755 0.017188 0.027855
4 0.481250 0.445682 0.012500 0.061281
8 0.717187 0.445682 0.062500 0.050139
0 0.503906 0.467967 0.026562 0.038997
4 0.531250 0.437326 0.012500 0.050139
15 0.439844 0.408078 0.010937 0.019499
15 0.449219 0.410864 0.010937 0.013928
15 0.464844 0.409471 0.020313 0.016713
4 0.967969 0.490251 0.051562 0.094708
4 0.360156 0.454039 0.048438 0.094708
15 0.417969 0.406685 0.010937 0.011142