4 0.693750 0.871642 0.081250 0.244776
4 0.751563 0.628358 0.050000 0.170149
4 0.750781 0.811940 0.054688 0.214925
4 0.831250 0.555224 0.100000 0.143284
4 0.773438 0.489552 0.062500 0.143284
4 0.282031 0.901493 0.132812 0.185075
4 0.174219 0.758209 0.098437 0.179104
4 0.403906 0.622388 0.073438 0.158209
4 0.464844 0.643284 0.076563 0.152239
2 0.635156 0.567164 0.048438 0.089552
2 0.699219 0.568657 0.054688 0.140299
2 0.925781 0.534328 0.051562 0.101493
4 0.681250 0.501493 0.046875 0.119403
2 0.575781 0.773134 0.098437 0.191045
9 0.882031 0.414925 0.142187 0.143284
0 0.596875 0.704478 0.184375 0.191045
4 0.439844 0.817910 0.135937 0.244776
0 0.302344 0.820896 0.254688 0.262687
0 0.482812 0.453731 0.131250 0.107463
0 0.419531 0.555224 0.145313 0.155224
7 0.338281 0.504478 0.151562 0.179104
0 0.593750 0.507463 0.143750 0.119403
8 0.587500 0.444776 0.153125 0.137313
7 0.658594 0.385075 0.114062 0.125373
0 0.757031 0.422388 0.135937 0.152239
7 0.089844 0.498507 0.132812 0.179104
0 0.163281 0.425373 0.085938 0.080597
0 0.160156 0.337313 0.060937 0.083582
0 0.089063 0.385075 0.056250 0.083582
0 0.202344 0.374627 0.060937 0.092537
3 0.290625 0.680597 0.112500 0.214925
3 0.182031 0.276119 0.035937 0.062687
3 0.158594 0.277612 0.032813 0.071642
8 0.275000 0.313433 0.043750 0.053731