3 0.920312 0.887500 0.103125 0.219444
3 0.939063 0.726389 0.075000 0.169444
3 0.979688 0.650000 0.037500 0.155556
3 0.962500 0.598611 0.053125 0.091667
0 0.673438 0.911111 0.134375 0.172222
6 0.540625 0.831944 0.128125 0.302778
1 0.739844 0.690278 0.145313 0.297222
1 0.878125 0.520833 0.128125 0.275000
7 0.654687 0.605556 0.081250 0.183333
1 0.053125 0.702778 0.106250 0.383333
1 0.971875 0.461111 0.053125 0.177778
0 0.154688 0.862500 0.112500 0.175000
0 0.239063 0.798611 0.103125 0.158333
0 0.330469 0.701389 0.098437 0.163889
0 0.278125 0.587500 0.087500 0.119444
7 0.371875 0.627778 0.078125 0.172222
3 0.289062 0.472222 0.046875 0.116667
1 0.215625 0.502778 0.106250 0.244444
1 0.451562 0.537500 0.100000 0.230556
0 0.373437 0.504167 0.062500 0.086111
0 0.578125 0.455556 0.062500 0.100000
1 0.464062 0.322222 0.106250 0.138889
1 0.432812 0.356944 0.075000 0.125000
1 0.355469 0.443056 0.089063 0.175000
1 0.727344 0.437500 0.107813 0.163889
12 0.692969 0.511111 0.085938 0.094444