2 0.011719 0.944836 0.023438 0.068075
0 0.097656 0.957746 0.098437 0.070423
0 0.500781 0.880282 0.051562 0.070423
0 0.540625 0.957746 0.062500 0.070423
0 0.574219 0.852113 0.039062 0.065728
0 0.627344 0.723005 0.010937 0.018779
0 0.592187 0.741784 0.015625 0.018779
0 0.578125 0.751174 0.012500 0.023474
0 0.605469 0.726526 0.010937 0.016432
0 0.613281 0.713615 0.010937 0.014085
0 0.599219 0.719484 0.010937 0.016432
8 0.578906 0.731221 0.014063 0.016432
3 0.596094 0.801643 0.017188 0.039906
3 0.618750 0.833333 0.025000 0.046948
3 0.599219 0.758216 0.017188 0.023474
3 0.626563 0.753521 0.015625 0.023474
4 0.783594 0.965962 0.032813 0.053991
4 0.703906 0.880282 0.026562 0.075117
4 0.721875 0.856808 0.021875 0.056338
4 0.714063 0.827465 0.015625 0.016432
0 0.748437 0.921362 0.059375 0.086854
0 0.712500 0.808685 0.031250 0.044601
4 0.659375 0.718310 0.009375 0.009390
4 0.657813 0.733568 0.009375 0.016432
7 0.683594 0.711268 0.020313 0.018779
0 0.632812 0.693662 0.006250 0.007042
1 0.621094 0.688967 0.007812 0.021127
1 0.648438 0.701878 0.009375 0.018779
3 0.587500 0.718310 0.009375 0.014085
3 0.597656 0.700704 0.007812 0.011737
0 0.607031 0.706573 0.007812 0.009390
1 0.560156 0.774648 0.039062 0.070423