3 0.085156 0.396714 0.035937 0.061033
4 0.075781 0.342723 0.029687 0.037559
4 0.042969 0.315728 0.032813 0.049296
4 0.103906 0.201878 0.029687 0.046948
4 0.116406 0.183099 0.029687 0.046948
0 0.078125 0.977700 0.059375 0.025822
2 0.040625 0.696009 0.050000 0.044601
8 0.107813 0.120892 0.050000 0.053991
1 0.014844 0.014085 0.029687 0.028169
1 0.054688 0.014085 0.046875 0.028169
1 0.121094 0.035211 0.089063 0.070423
1 0.171094 0.113850 0.092188 0.096244
1 0.187500 0.088028 0.078125 0.091549
1 0.268750 0.124413 0.096875 0.136150
1 0.385156 0.192488 0.129688 0.117371
2 0.371094 0.246479 0.023438 0.032864
6 0.332813 0.223005 0.059375 0.056338
6 0.252344 0.204225 0.073438 0.065728
6 0.193750 0.183099 0.053125 0.061033
3 0.461719 0.178404 0.029687 0.028169
4 0.471094 0.206573 0.035937 0.037559
5 0.525000 0.186620 0.065625 0.044601
3 0.633594 0.234742 0.029687 0.046948
1 0.622656 0.188967 0.104688 0.096244
4 0.696875 0.077465 0.015625 0.032864
3 0.735938 0.099765 0.021875 0.035211
1 0.753906 0.049296 0.054688 0.079812
0 0.760156 0.011737 0.023438 0.023474
1 0.545312 0.253521 0.125000 0.079812
4 0.571875 0.301643 0.034375 0.044601
0 0.438281 0.315728 0.051562 0.035211
4 0.420312 0.350939 0.037500 0.035211
4 0.463281 0.348592 0.042188 0.044601
4 0.453125 0.401408 0.034375 0.056338
4 0.409375 0.394366 0.021875 0.037559
4 0.388281 0.395540 0.020313 0.044601
4 0.380469 0.430751 0.026562 0.058685
4 0.408594 0.428404 0.023438 0.044601
2 0.152344 0.596244 0.045312 0.046948
2 0.202344 0.575117 0.020313 0.061033
2 0.253906 0.802817 0.042188 0.051643
2 0.349219 0.805164 0.042188 0.042254
4 0.212500 0.779343 0.050000 0.098592
10 0.228906 0.707746 0.023438 0.058685
0 0.132031 0.355634 0.048438 0.072770
4 0.174219 0.336854 0.042188 0.049296
2 0.215625 0.323944 0.018750 0.037559
2 0.149219 0.413146 0.026562 0.037559
0 0.300781 0.265258 0.060937 0.061033
1 0.316406 0.465962 0.126562 0.185446
4 0.418750 0.477700 0.031250 0.058685
2 0.446094 0.477700 0.020313 0.039906
3 0.487500 0.449531 0.043750 0.068075
4 0.477344 0.517606 0.042188 0.063380
2 0.506250 0.323944 0.031250 0.042254
8 0.527344 0.433099 0.073438 0.086854
0 0.447656 0.583333 0.079687 0.096244
8 0.369531 0.647887 0.070312 0.107981
4 0.463281 0.663146 0.045312 0.072770
0 0.303906 0.723005 0.060937 0.140845
4 0.301563 0.839202 0.062500 0.063380
4 0.338281 0.880282 0.042188 0.089202
4 0.382031 0.863850 0.048438 0.079812
4 0.360156 0.961268 0.064062 0.058685
4 0.423438 0.916667 0.050000 0.086854
4 0.452344 0.815728 0.054688 0.086854
4 0.514062 0.860329 0.059375 0.077465
4 0.473438 0.962441 0.059375 0.061033
4 0.586719 0.914319 0.057813 0.086854
4 0.619531 0.969484 0.060937 0.046948
1 0.601562 0.838028 0.200000 0.276995
3 0.575781 0.712441 0.054688 0.068075
0 0.595313 0.660798 0.087500 0.100939
0 0.533594 0.526995 0.079687 0.091549
4 0.522656 0.565728 0.048438 0.065728
2 0.539062 0.632629 0.025000 0.058685
3 0.605469 0.580986 0.048438 0.077465
6 0.616406 0.534038 0.098437 0.124413
1 0.824219 0.866197 0.254688 0.253521
4 0.691406 0.676056 0.048438 0.061033
0 0.813281 0.708920 0.092188 0.107981
0 0.844531 0.677230 0.098437 0.119718
4 0.882031 0.799296 0.051562 0.077465
1 0.772656 0.316901 0.098437 0.154930
1 0.862500 0.178404 0.075000 0.150235
1 0.744531 0.183099 0.067187 0.136150
1 0.675781 0.276995 0.098437 0.154930
6 0.721875 0.320423 0.056250 0.086854
1 0.800781 0.196009 0.067187 0.105634
1 0.917188 0.100939 0.046875 0.103286
1 0.816406 0.065728 0.060937 0.098592
1 0.889062 0.036385 0.050000 0.072770