8 0.569531 0.872404 0.132812 0.243323
8 0.689063 0.808605 0.162500 0.370920
0 0.789062 0.833828 0.156250 0.314540
3 0.528906 0.689911 0.076563 0.133531
0 0.611719 0.611276 0.089063 0.183976
0 0.525781 0.593472 0.079687 0.154303
3 0.668750 0.557864 0.062500 0.148368
3 0.496094 0.486647 0.042188 0.094955
0 0.578125 0.492582 0.071875 0.130564
3 0.635156 0.474777 0.045312 0.094955
6 0.502344 0.408012 0.051562 0.157270
3 0.546875 0.372404 0.031250 0.074184
3 0.609375 0.412463 0.046875 0.065282
0 0.602344 0.370920 0.048438 0.059347
0 0.572656 0.327893 0.042188 0.068249
0 0.529687 0.326409 0.034375 0.053412
3 0.610156 0.324926 0.026562 0.062315
3 0.604688 0.298220 0.025000 0.050445
0 0.514062 0.302671 0.031250 0.047478
0 0.515625 0.271513 0.028125 0.038576
1 0.565625 0.238872 0.046875 0.103858
9 0.517969 0.224036 0.023438 0.038576
1 0.525000 0.118694 0.021875 0.053412
18 0.708594 0.575668 0.017188 0.089021
2 0.671094 0.470326 0.029687 0.038576
2 0.752344 0.645401 0.042188 0.062315
2 0.866406 0.827893 0.060937 0.130564
2 0.816406 0.737389 0.039062 0.103858
2 0.789062 0.640950 0.025000 0.041543
2 0.710156 0.486647 0.017188 0.059347
2 0.741406 0.594955 0.020313 0.050445
2 0.138281 0.436202 0.023438 0.059347