1 0.182031 0.873239 0.139063 0.211268
1 0.358594 0.840376 0.117188 0.192488
3 0.378125 0.956573 0.068750 0.058685
3 0.416406 0.931925 0.067187 0.112676
3 0.470313 0.857981 0.050000 0.105634
8 0.539844 0.840376 0.070312 0.112676
1 0.307031 0.762911 0.085938 0.150235
1 0.514062 0.692488 0.059375 0.122066
17 0.440625 0.795775 0.053125 0.117371
0 0.522656 0.767606 0.051562 0.065728
1 0.407031 0.699531 0.073438 0.075117
0 0.457813 0.705399 0.028125 0.049296
0 0.463281 0.677230 0.032813 0.039906
1 0.314844 0.694836 0.107813 0.089202
1 0.338281 0.649061 0.073438 0.030516
1 0.339844 0.632629 0.051562 0.021127
1 0.364844 0.631455 0.045312 0.056338
1 0.399219 0.596244 0.042188 0.046948
1 0.421094 0.604460 0.039062 0.035211
0 0.467187 0.654930 0.031250 0.018779
5 0.465625 0.625587 0.034375 0.049296
0 0.973437 0.914319 0.050000 0.068075
0 0.903906 0.954225 0.098437 0.077465
0 0.809375 0.970657 0.106250 0.044601
0 0.846094 0.869718 0.085938 0.091549
7 0.776563 0.908451 0.103125 0.159624
9 0.903906 0.821596 0.095312 0.145540
8 0.769531 0.786385 0.085938 0.089202
8 0.825781 0.776995 0.070312 0.103286
0 0.785156 0.701878 0.039062 0.046948
3 0.842969 0.737089 0.035937 0.042254
0 0.847656 0.732394 0.060937 0.037559
8 0.750000 0.737089 0.062500 0.075117
0 0.714063 0.863850 0.071875 0.112676
0 0.689844 0.815728 0.073438 0.082160
0 0.658594 0.767606 0.057813 0.075117
7 0.644531 0.720657 0.054688 0.070423
3 0.748437 0.687793 0.031250 0.028169
3 0.714844 0.681925 0.023438 0.053991
7 0.664844 0.679577 0.042188 0.063380
0 0.613281 0.712441 0.026562 0.058685
0 0.609375 0.690141 0.037500 0.046948
0 0.579688 0.651408 0.018750 0.039906
0 0.640625 0.630282 0.031250 0.030516
3 0.600781 0.588028 0.014063 0.025822
0 0.625000 0.613850 0.025000 0.025822
8 0.567969 0.617371 0.023438 0.032864
7 0.564844 0.588028 0.020313 0.025822
1 0.632031 0.585681 0.023438 0.049296
3 0.607812 0.579812 0.012500 0.023474
1 0.668750 0.589202 0.031250 0.056338
1 0.705469 0.624413 0.048438 0.070423
1 0.688281 0.607981 0.039062 0.061033
1 0.420312 0.570423 0.031250 0.018779
1 0.482812 0.549296 0.018750 0.018779
1 0.453125 0.545775 0.025000 0.049296
7 0.521094 0.584507 0.023438 0.018779
0 0.490625 0.625587 0.012500 0.030516
17 0.511719 0.616197 0.026562 0.035211
3 0.406250 0.625587 0.021875 0.007042
3 0.403125 0.647887 0.025000 0.014085
3 0.438281 0.652582 0.020313 0.018779
1 0.511719 0.521127 0.010937 0.018779
9 0.593750 0.549296 0.015625 0.018779
9 0.567969 0.545775 0.010937 0.021127
0 0.574219 0.575117 0.014063 0.018779
7 0.589844 0.572770 0.010937 0.018779
3 0.601562 0.590376 0.012500 0.025822
3 0.607812 0.582160 0.012500 0.023474
1 0.585938 0.539906 0.018750 0.028169
1 0.565625 0.524648 0.015625 0.021127
1 0.480469 0.512911 0.014063 0.011737
0 0.453125 0.580986 0.012500 0.007042
1 0.458594 0.510563 0.020313 0.011737
7 0.485938 0.599765 0.018750 0.011737
8 0.505469 0.571596 0.020313 0.011737
5 0.553906 0.503521 0.007812 0.011737