1 0.857031 0.895904 0.220312 0.194539
1 0.675000 0.639932 0.090625 0.276451
1 0.244531 0.498294 0.042188 0.061433
1 0.292969 0.464164 0.035937 0.054608
1 0.560156 0.525597 0.029687 0.088737
1 0.570312 0.453925 0.018750 0.047782
1 0.548438 0.443686 0.012500 0.034130
1 0.527344 0.418089 0.010937 0.017065
6 0.353906 0.505119 0.020313 0.040956
0 0.355469 0.556314 0.023438 0.040956
3 0.303125 0.527304 0.015625 0.037543
0 0.293750 0.513652 0.015625 0.030717
6 0.275000 0.491468 0.018750 0.040956
6 0.333594 0.518771 0.020313 0.054608
9 0.541406 0.812287 0.060937 0.197952
3 0.610156 0.834471 0.048438 0.160410
10 0.653906 0.844710 0.023438 0.085324
0 0.792969 0.699659 0.107813 0.088737
2 0.841406 0.650171 0.020313 0.044369
4 0.750781 0.561433 0.017188 0.037543
4 0.817187 0.636519 0.028125 0.064846
2 0.621094 0.755973 0.023438 0.030717
0 0.457813 0.769625 0.046875 0.112628
6 0.473438 0.686007 0.037500 0.081911
3 0.523438 0.692833 0.028125 0.068259
7 0.571875 0.663823 0.040625 0.105802
0 0.519531 0.624573 0.029687 0.068259
0 0.469531 0.624573 0.029687 0.047782
3 0.621094 0.605802 0.023438 0.064846
0 0.614844 0.575085 0.029687 0.044369
2 0.576562 0.583618 0.012500 0.040956
18 0.596094 0.518771 0.007812 0.027304
6 0.513281 0.542662 0.023438 0.075085
6 0.467969 0.547782 0.020313 0.051195
2 0.480469 0.539249 0.007812 0.027304
2 0.536719 0.488055 0.007812 0.020478
6 0.505469 0.484642 0.020313 0.040956
0 0.447656 0.488055 0.017188 0.027304
0 0.426563 0.476109 0.015625 0.030717
6 0.449219 0.452218 0.017188 0.037543
8 0.251563 0.841297 0.084375 0.146758
6 0.314844 0.667235 0.042188 0.112628
6 0.224219 0.660410 0.042188 0.112628
0 0.014844 0.687713 0.029687 0.071672
0 0.121094 0.583618 0.039062 0.047782
3 0.153125 0.554608 0.018750 0.044369
0 0.315625 0.505119 0.015625 0.020478
0 0.386719 0.459044 0.023438 0.017065
4 0.953906 0.759386 0.039062 0.105802
4 0.920312 0.728669 0.034375 0.105802
2 0.721094 0.706485 0.014063 0.054608