3 0.747045 0.790625 0.165485 0.187500
3 0.656028 0.605469 0.082742 0.085938
3 0.438534 0.599219 0.082742 0.073438
3 0.243499 0.901563 0.222222 0.193750
0 0.362884 0.696875 0.177305 0.134375
1 0.609929 0.507812 0.118203 0.106250
0 0.113475 0.825781 0.226950 0.232813
7 0.223404 0.617188 0.144208 0.115625
7 0.531915 0.617188 0.122931 0.128125
9 0.482270 0.818750 0.241135 0.312500
0 0.360520 0.587500 0.106383 0.075000
6 0.479905 0.500781 0.075650 0.070312
0 0.375887 0.527344 0.089835 0.054688
0 0.052009 0.607031 0.104019 0.073438
2 0.015366 0.549219 0.030733 0.045312
3 0.035461 0.501563 0.052009 0.034375
0 0.172577 0.514062 0.056738 0.034375
7 0.249409 0.486719 0.049645 0.039062
3 0.539007 0.489844 0.033097 0.042188
1 0.477541 0.436719 0.037825 0.035937
0 0.368794 0.478125 0.047281 0.031250
2 0.199764 0.474219 0.026005 0.026562