2 0.490644 0.793750 0.041580 0.090625
2 0.494802 0.613281 0.029106 0.039062
2 0.156965 0.716406 0.047817 0.070312
0 0.279626 0.816406 0.160083 0.135937
9 0.435551 0.628125 0.064449 0.065625
2 0.745322 0.662500 0.064449 0.028125
2 0.867983 0.742188 0.051975 0.059375
0 0.702703 0.867188 0.153846 0.153125
0 0.843035 0.816406 0.160083 0.145313
0 0.653846 0.631250 0.047817 0.050000
8 0.336798 0.591406 0.054054 0.039062
8 0.271310 0.593750 0.064449 0.037500
8 0.231809 0.659375 0.106029 0.075000
8 0.455301 0.578125 0.041580 0.031250
0 0.569647 0.589063 0.041580 0.034375
1 0.051975 0.716406 0.103950 0.135937