6 0.042969 0.609155 0.085938 0.194836
8 0.141406 0.349765 0.067187 0.056338
8 0.202344 0.318075 0.048438 0.025822
3 0.213281 0.356808 0.032813 0.046948
3 0.257031 0.348592 0.032813 0.053991
0 0.401562 0.291080 0.031250 0.037559
3 0.453906 0.204225 0.010937 0.018779
2 0.471875 0.212441 0.006250 0.016432
3 0.502344 0.176056 0.004687 0.009390
3 0.492969 0.176056 0.001563 0.009390
16 0.102344 0.893192 0.204687 0.199531
7 0.255469 0.666667 0.135937 0.225352
0 0.341406 0.579812 0.073438 0.122066
7 0.360938 0.482394 0.078125 0.105634
0 0.408594 0.455399 0.026562 0.079812
8 0.410938 0.392019 0.050000 0.046948
0 0.435156 0.362676 0.039062 0.025822
9 0.446094 0.330986 0.042188 0.046948
9 0.477344 0.315728 0.020313 0.053991
0 0.479687 0.284038 0.025000 0.014085
8 0.489063 0.265258 0.025000 0.028169
0 0.510938 0.261737 0.006250 0.025822
9 0.515625 0.218310 0.018750 0.014085
9 0.521094 0.206573 0.014063 0.009390
9 0.338281 0.940141 0.179688 0.105634
7 0.400781 0.784038 0.148438 0.230047
0 0.423438 0.636150 0.100000 0.075117
0 0.448437 0.557512 0.078125 0.086854
0 0.444531 0.491784 0.060937 0.053991
0 0.481250 0.433099 0.053125 0.063380
0 0.503125 0.386150 0.040625 0.039906
0 0.489844 0.350939 0.042188 0.025822
0 0.519531 0.341549 0.029687 0.039906
9 0.517188 0.303991 0.034375 0.025822
7 0.531250 0.278169 0.021875 0.025822
0 0.527344 0.254695 0.017188 0.011737
1 0.535156 0.218310 0.004687 0.037559
1 0.566406 0.186620 0.017188 0.016432
1 0.588281 0.191315 0.020313 0.021127
1 0.560156 0.234742 0.042188 0.028169
1 0.583594 0.166667 0.007812 0.009390
1 0.569531 0.165493 0.007812 0.007042
1 0.600781 0.237089 0.035937 0.042254
1 0.574219 0.271127 0.042188 0.035211
1 0.582031 0.208920 0.020313 0.014085
1 0.574219 0.322770 0.054688 0.068075
1 0.610938 0.285211 0.018750 0.049296
1 0.646094 0.299296 0.051562 0.044601
1 0.664062 0.376761 0.084375 0.072770
1 0.728906 0.496479 0.104688 0.166667
9 0.814844 0.462441 0.070312 0.075117
3 0.804688 0.559859 0.040625 0.119718
3 0.865625 0.537559 0.050000 0.061033
3 0.860938 0.597418 0.068750 0.049296
3 0.825781 0.667840 0.079687 0.096244
3 0.916406 0.671362 0.085938 0.112676
3 0.869531 0.769953 0.114062 0.098592
3 0.897656 0.893192 0.114062 0.157277
3 0.918750 0.984742 0.112500 0.016432
3 0.725781 0.760563 0.082812 0.107981
3 0.724219 0.846244 0.085938 0.058685
7 0.947656 0.548122 0.089063 0.115023
0 0.882812 0.491784 0.059375 0.030516
8 0.700781 0.644366 0.095312 0.129108
8 0.567969 0.396714 0.057813 0.061033
2 0.574219 0.443662 0.023438 0.023474
16 0.605469 0.450704 0.045312 0.028169
6 0.599219 0.494131 0.057813 0.030516
6 0.626563 0.538732 0.012500 0.053991
8 0.586719 0.585681 0.073438 0.157277
0 0.526563 0.519953 0.062500 0.105634
0 0.582031 0.718310 0.104688 0.093897
9 0.569531 0.832160 0.129688 0.129108
3 0.659375 0.489437 0.031250 0.096244
1 0.722656 0.944836 0.276562 0.096244