1 0.738281 0.933099 0.210938 0.119718
1 0.914062 0.767606 0.150000 0.450704
3 0.452344 0.969484 0.123438 0.046948
8 0.253125 0.922535 0.203125 0.140845
0 0.350781 0.800469 0.145313 0.122066
0 0.721094 0.829812 0.145313 0.091549
0 0.404687 0.685446 0.100000 0.075117
1 0.546094 0.762911 0.229687 0.366197
3 0.700781 0.676056 0.070312 0.051643
3 0.724219 0.751174 0.076563 0.089202
8 0.725000 0.616197 0.090625 0.077465
1 0.833594 0.627934 0.076563 0.326291
1 0.866406 0.449531 0.079687 0.044601
1 0.842969 0.372066 0.070312 0.110329
1 0.800000 0.380282 0.012500 0.103286
1 0.834375 0.253521 0.037500 0.037559
1 0.815625 0.275822 0.034375 0.011737
1 0.817969 0.288732 0.039062 0.009390
1 0.821094 0.299296 0.045312 0.016432
1 0.760156 0.330986 0.039062 0.079812
1 0.771875 0.255869 0.034375 0.042254
1 0.806250 0.210094 0.012500 0.016432
1 0.226562 0.381455 0.121875 0.082160
1 0.441406 0.300469 0.042188 0.046948
1 0.474219 0.288732 0.020313 0.032864
1 0.509375 0.262911 0.040625 0.028169
1 0.566406 0.244131 0.035937 0.018779
1 0.630469 0.224178 0.026562 0.025822
1 0.674219 0.201878 0.007812 0.009390
0 0.775781 0.536385 0.039062 0.086854
0 0.764844 0.470657 0.026562 0.044601
0 0.792188 0.301643 0.006250 0.039906
0 0.603906 0.551643 0.070312 0.042254
0 0.644531 0.480047 0.045312 0.016432
0 0.678125 0.443662 0.046875 0.014085
0 0.687500 0.426056 0.040625 0.021127
0 0.694531 0.402582 0.039062 0.016432
0 0.703125 0.384977 0.034375 0.009390
0 0.700781 0.357981 0.010937 0.039906
0 0.779687 0.220657 0.028125 0.014085
0 0.460938 0.613850 0.087500 0.072770
0 0.582031 0.494131 0.042188 0.072770
0 0.589844 0.444836 0.051562 0.025822
0 0.630469 0.442488 0.020313 0.053991
0 0.656250 0.401408 0.021875 0.056338
0 0.050781 0.875587 0.101562 0.103286
0 0.253906 0.663146 0.073438 0.110329
0 0.068750 0.613850 0.071875 0.039906
0 0.025781 0.576291 0.042188 0.035211
0 0.056250 0.537559 0.053125 0.056338
0 0.009375 0.532864 0.018750 0.056338
0 0.070312 0.489437 0.050000 0.030516
0 0.239844 0.566901 0.023438 0.077465
0 0.285938 0.508216 0.065625 0.044601
0 0.327344 0.548122 0.026562 0.039906
0 0.237500 0.491784 0.015625 0.053991
0 0.305469 0.460094 0.026562 0.056338
0 0.325000 0.429577 0.018750 0.037559
0 0.360156 0.442488 0.048438 0.021127
0 0.451562 0.448357 0.031250 0.028169
0 0.474219 0.416667 0.029687 0.021127
0 0.446094 0.413146 0.023438 0.037559
0 0.475000 0.382629 0.040625 0.023474
0 0.460156 0.360329 0.026562 0.011737
0 0.471094 0.348592 0.029687 0.016432
0 0.450000 0.332160 0.031250 0.016432
0 0.517188 0.343897 0.028125 0.016432
0 0.564844 0.345070 0.032813 0.023474
0 0.478125 0.326291 0.006250 0.018779
3 0.721875 0.487089 0.028125 0.063380
3 0.714844 0.529343 0.051562 0.021127
3 0.680469 0.487089 0.020313 0.072770
3 0.649219 0.515258 0.048438 0.039906
3 0.642969 0.360329 0.029687 0.021127
2 0.809375 0.234742 0.006250 0.014085
3 0.283594 0.570423 0.054688 0.056338
3 0.097656 0.711268 0.067187 0.112676
3 0.028125 0.708920 0.056250 0.145540
3 0.269531 0.449531 0.045312 0.039906
3 0.332031 0.403756 0.014063 0.032864
3 0.424219 0.381455 0.032813 0.016432
3 0.431250 0.368545 0.031250 0.009390
3 0.414844 0.339202 0.023438 0.016432
3 0.658594 0.261737 0.014063 0.016432
8 0.717969 0.315728 0.010937 0.039906
8 0.617969 0.394366 0.051562 0.037559
8 0.382031 0.354460 0.039062 0.028169
2 0.353906 0.366197 0.014063 0.009390
8 0.525781 0.373239 0.045312 0.032864
6 0.722656 0.556338 0.070312 0.032864
6 0.755469 0.410798 0.048438 0.070423
6 0.727344 0.246479 0.029687 0.018779
6 0.714844 0.265258 0.023438 0.009390
6 0.542188 0.312207 0.043750 0.051643
6 0.499219 0.321596 0.032813 0.032864
6 0.599219 0.246479 0.023438 0.014085
6 0.624219 0.261737 0.026562 0.021127
6 0.163281 0.494131 0.104688 0.096244
6 0.196875 0.589202 0.050000 0.079812
6 0.302344 0.382629 0.026562 0.042254
6 0.575781 0.289906 0.014063 0.039906
6 0.663281 0.244131 0.017188 0.014085
6 0.663281 0.322770 0.042188 0.049296
9 0.513281 0.529343 0.095312 0.091549
0 0.696875 0.326291 0.009375 0.014085
7 0.695312 0.299296 0.018750 0.016432
7 0.025000 0.442488 0.050000 0.082160
0 0.107813 0.566901 0.053125 0.039906
9 0.371094 0.484742 0.070312 0.053991
9 0.375781 0.403756 0.064062 0.061033
6 0.217188 0.448357 0.012500 0.037559