3 0.882031 0.914244 0.101562 0.154070
3 0.096875 0.726744 0.084375 0.127907
3 0.196875 0.575581 0.043750 0.081395
3 0.221875 0.513081 0.021875 0.055233
3 0.357031 0.537791 0.035937 0.075581
3 0.329688 0.498547 0.025000 0.061047
3 0.320312 0.456395 0.021875 0.029070
3 0.372656 0.453488 0.026562 0.046512
3 0.450781 0.446221 0.020313 0.049419
3 0.434375 0.434593 0.012500 0.043605
3 0.757031 0.738372 0.051562 0.145349
3 0.817187 0.688953 0.040625 0.081395
3 0.785156 0.620640 0.051562 0.043605
3 0.612500 0.767442 0.034375 0.098837
18 0.550000 0.582849 0.021875 0.061047
2 0.614844 0.450581 0.014063 0.034884
4 0.654687 0.401163 0.015625 0.040698
1 0.603125 0.364826 0.018750 0.043605
2 0.591406 0.345930 0.007812 0.017442
4 0.850781 0.779070 0.045312 0.116279
4 0.806250 0.845930 0.043750 0.191860
0 0.700781 0.492733 0.042188 0.061047
3 0.535156 0.340116 0.007812 0.017442
1 0.517188 0.369186 0.025000 0.046512
4 0.492969 0.372093 0.010937 0.029070
4 0.453125 0.402616 0.015625 0.037791
1 0.406250 0.412791 0.043750 0.063953
9 0.253906 0.545058 0.042188 0.090116
4 0.152344 0.593023 0.039062 0.069767
0 0.078906 0.622093 0.095312 0.081395
2 0.951562 0.750000 0.043750 0.087209
2 0.922656 0.707849 0.029687 0.078488
2 0.850781 0.697674 0.026562 0.058140
2 0.807813 0.558140 0.012500 0.052326