1 0.877344 0.750000 0.235937 0.488889
9 0.706250 0.611111 0.100000 0.211111
2 0.620313 0.759722 0.043750 0.086111
2 0.685156 0.883333 0.035937 0.138889
3 0.669531 0.970833 0.092188 0.047222
0 0.517969 0.940278 0.120313 0.108333
0 0.309375 0.961111 0.131250 0.072222
0 0.282031 0.823611 0.129688 0.186111
0 0.417187 0.829167 0.103125 0.230556
0 0.320312 0.679167 0.100000 0.119444
0 0.025781 0.652778 0.042188 0.116667
0 0.156250 0.520833 0.087500 0.097222
0 0.060937 0.411111 0.075000 0.061111
0 0.114062 0.459722 0.031250 0.080556
0 0.114844 0.365278 0.054688 0.063889
0 0.065625 0.363889 0.043750 0.044444
0 0.430469 0.640278 0.092188 0.158333
0 0.349219 0.570833 0.073438 0.097222
0 0.371875 0.500000 0.081250 0.055556
0 0.385156 0.441667 0.064062 0.055556
0 0.391406 0.397222 0.057813 0.033333
0 0.540625 0.594444 0.075000 0.055556
0 0.624219 0.393056 0.039062 0.058333
0 0.648438 0.341667 0.034375 0.044444
0 0.462500 0.377778 0.046875 0.038889
16 0.475000 0.337500 0.037500 0.036111
0 0.586719 0.238889 0.014063 0.044444
0 0.610938 0.256944 0.025000 0.025000
0 0.612500 0.297222 0.034375 0.038889
0 0.579688 0.315278 0.025000 0.030556
0 0.356250 0.287500 0.006250 0.052778
8 0.712500 0.463889 0.087500 0.072222
8 0.693750 0.394444 0.059375 0.072222
8 0.535156 0.448611 0.082812 0.052778
8 0.356250 0.216667 0.025000 0.033333
1 0.532031 0.233333 0.060937 0.077778
1 0.546094 0.175000 0.048438 0.033333
1 0.507812 0.152778 0.037500 0.044444
1 0.457813 0.195833 0.037500 0.047222
15 0.435937 0.243056 0.046875 0.052778
1 0.273438 0.262500 0.075000 0.108333
1 0.162500 0.305556 0.115625 0.116667
1 0.568750 0.143056 0.031250 0.025000
1 0.539062 0.140278 0.025000 0.030556
8 0.124219 0.680556 0.126562 0.161111
2 0.082812 0.568056 0.037500 0.036111
7 0.014844 0.508333 0.026562 0.127778
9 0.249219 0.379167 0.060937 0.075000
9 0.231250 0.477778 0.062500 0.105556
9 0.456250 0.438889 0.056250 0.077778
9 0.409375 0.341667 0.056250 0.066667
0 0.490625 0.294444 0.043750 0.038889
8 0.529687 0.363889 0.059375 0.061111
8 0.432031 0.294444 0.035937 0.033333
0 0.471875 0.256944 0.012500 0.041667
6 0.446094 0.520833 0.070312 0.069444
3 0.582812 0.370833 0.031250 0.069444
3 0.652344 0.300000 0.035937 0.033333
1 0.583594 0.180556 0.023438 0.033333
7 0.550781 0.515278 0.076563 0.091667
7 0.623437 0.515278 0.065625 0.175000
12 0.539062 0.756944 0.093750 0.263889
8 0.329688 0.238889 0.031250 0.038889
8 0.540625 0.294444 0.034375 0.022222