3 0.563281 0.863128 0.079687 0.178771
0 0.795312 0.920391 0.109375 0.136872
0 0.957031 0.942737 0.079687 0.092179
0 0.949219 0.856145 0.095312 0.125698
7 0.803125 0.768156 0.096875 0.173184
3 0.928906 0.776536 0.073438 0.145251
6 0.910937 0.678771 0.100000 0.173184
0 0.742188 0.751397 0.037500 0.134078
1 0.591406 0.652235 0.148438 0.472067
6 0.678906 0.703911 0.026562 0.156425
7 0.823438 0.652235 0.071875 0.097765
7 0.759375 0.624302 0.071875 0.120112
3 0.842187 0.578212 0.046875 0.055866
3 0.792188 0.546089 0.040625 0.053073
3 0.751563 0.547486 0.043750 0.033520
3 0.714063 0.558659 0.028125 0.106145
6 0.682813 0.581006 0.028125 0.100559
0 0.753906 0.481844 0.045312 0.064246
0 0.690625 0.465084 0.043750 0.075419
3 0.725781 0.414804 0.029687 0.081006
3 0.795312 0.365922 0.034375 0.067039
6 0.753906 0.364525 0.054688 0.136872
6 0.642188 0.391061 0.046875 0.050279
2 0.703125 0.388268 0.015625 0.044693
0 0.696094 0.350559 0.039062 0.058659
1 0.721875 0.297486 0.046875 0.069832
1 0.617969 0.354749 0.057813 0.122905
1 0.694531 0.240223 0.035937 0.044693
0 0.669531 0.340782 0.023438 0.055866
6 0.076563 0.921788 0.153125 0.134078
19 0.157031 0.832402 0.195312 0.307263
0 0.275781 0.804469 0.060937 0.145251
0 0.366406 0.685754 0.082812 0.120112
0 0.371094 0.599162 0.070312 0.064246
8 0.252344 0.688547 0.092188 0.081006
0 0.285156 0.668994 0.057813 0.097765
6 0.278906 0.529330 0.064062 0.075419
8 0.275000 0.594972 0.071875 0.061453
0 0.360938 0.575419 0.059375 0.067039
0 0.029687 0.796089 0.059375 0.072626
3 0.033594 0.737430 0.057813 0.078212
7 0.148438 0.642458 0.081250 0.055866
0 0.025781 0.684358 0.051562 0.067039
0 0.071875 0.643855 0.071875 0.064246
0 0.020313 0.586592 0.040625 0.072626
0 0.091406 0.594972 0.064062 0.027933
7 0.178906 0.615922 0.073438 0.069832
6 0.175781 0.557263 0.060937 0.053073
0 0.224219 0.569832 0.032813 0.083799
0 0.333594 0.532123 0.045312 0.075419
0 0.644531 0.223464 0.014063 0.027933
6 0.039844 0.512570 0.060937 0.125698
3 0.098437 0.537709 0.046875 0.081006
3 0.179688 0.501397 0.040625 0.030726
7 0.122656 0.473464 0.064062 0.081006
8 0.182031 0.463687 0.051562 0.050279
1 0.144531 0.381285 0.117188 0.092179
3 0.290625 0.432961 0.031250 0.033520
1 0.311719 0.356145 0.064062 0.081006
1 0.374219 0.270950 0.045312 0.067039