9 0.179688 0.467422 0.065625 0.067989
2 0.164844 0.515581 0.020313 0.039660
5 0.352344 0.373938 0.070312 0.062323
2 0.363281 0.410765 0.017188 0.022663
5 0.125000 0.944759 0.250000 0.087819
5 0.123438 0.769122 0.246875 0.348442
5 0.302344 0.675637 0.117188 0.246459
5 0.444531 0.657224 0.126562 0.237960
5 0.478906 0.507082 0.101562 0.147309
5 0.455469 0.473088 0.092188 0.158640
5 0.540625 0.475921 0.059375 0.158640
5 0.668750 0.403683 0.062500 0.116147
5 0.601562 0.413598 0.050000 0.118980
5 0.546875 0.375354 0.056250 0.042493
5 0.708594 0.390935 0.023438 0.067989
5 0.730469 0.365439 0.032813 0.079320
5 0.757812 0.352691 0.025000 0.070822
5 0.784375 0.341360 0.025000 0.059490
5 0.831250 0.320113 0.034375 0.062323