0 0.829688 0.819249 0.118750 0.173709
0 0.945312 0.967136 0.106250 0.046948
0 0.973437 0.788732 0.050000 0.150235
0 0.945312 0.685446 0.103125 0.126761
9 0.921875 0.585681 0.071875 0.105634
7 0.744531 0.557512 0.082812 0.138498
3 0.949219 0.534038 0.051562 0.100939
0 0.677344 0.498826 0.070312 0.082160
0 0.785937 0.501174 0.062500 0.086854
1 0.832812 0.415493 0.103125 0.164319
0 0.724219 0.423709 0.048438 0.077465
9 0.923438 0.340376 0.071875 0.056338
1 0.777344 0.367371 0.051562 0.119718
9 0.694531 0.386150 0.054688 0.077465
7 0.624219 0.388498 0.054688 0.082160
0 0.655469 0.374413 0.023438 0.058685
0 0.741406 0.352113 0.023438 0.046948
0 0.624219 0.334507 0.039062 0.035211
9 0.682813 0.326291 0.040625 0.046948
1 0.807813 0.300469 0.059375 0.051643
2 0.718750 0.308685 0.012500 0.030516
1 0.802344 0.234742 0.048438 0.037559
1 0.718750 0.227700 0.050000 0.042254
9 0.693750 0.276995 0.028125 0.042254
1 0.661719 0.244131 0.039062 0.061033
1 0.480469 0.206573 0.051562 0.046948
1 0.389844 0.215962 0.039062 0.046948
1 0.346094 0.220657 0.054688 0.056338
1 0.446875 0.251174 0.040625 0.061033
1 0.314844 0.267606 0.051562 0.042254
9 0.421094 0.230047 0.023438 0.028169
0 0.491406 0.246479 0.014063 0.028169
9 0.527344 0.244131 0.023438 0.028169
7 0.358594 0.274648 0.029687 0.028169
7 0.411719 0.268779 0.039062 0.025822
6 0.383594 0.260563 0.023438 0.023474
7 0.460156 0.268779 0.029687 0.025822
7 0.375000 0.285211 0.031250 0.025822
0 0.514844 0.265258 0.023438 0.018779
6 0.521094 0.296948 0.039062 0.035211
0 0.495312 0.296948 0.012500 0.025822
1 0.231250 0.311033 0.081250 0.053991
1 0.292187 0.295775 0.015625 0.056338
1 0.278125 0.325117 0.018750 0.086854
1 0.383594 0.341549 0.070312 0.072770
0 0.339844 0.362676 0.014063 0.039906
0 0.457813 0.379108 0.040625 0.053991
6 0.512500 0.362676 0.062500 0.091549
14 0.526563 0.413146 0.056250 0.089202
7 0.411719 0.386150 0.051562 0.044601
9 0.307031 0.427230 0.051562 0.075117
0 0.321875 0.442488 0.059375 0.039906
0 0.366406 0.422535 0.048438 0.061033
0 0.317188 0.384977 0.046875 0.042254
8 0.419531 0.426056 0.054688 0.058685
0 0.390625 0.468310 0.053125 0.063380
1 0.157031 0.365023 0.032813 0.063380
1 0.228125 0.375587 0.109375 0.079812
1 0.224219 0.465962 0.098437 0.124413
8 0.327344 0.522300 0.076563 0.086854
0 0.320312 0.463615 0.062500 0.044601
8 0.296875 0.571596 0.090625 0.096244
1 0.107031 0.419014 0.114062 0.082160
1 0.131250 0.496479 0.121875 0.110329
1 0.167969 0.629108 0.132812 0.239437
3 0.395313 0.555164 0.056250 0.072770
3 0.419531 0.537559 0.051562 0.075117
7 0.426563 0.522300 0.071875 0.096244
0 0.494531 0.448357 0.054688 0.061033
0 0.505469 0.475352 0.054688 0.068075
0 0.531250 0.487089 0.062500 0.035211
0 0.521094 0.512911 0.067187 0.039906
8 0.515625 0.592723 0.087500 0.105634
0 0.410938 0.597418 0.081250 0.053991
0 0.278125 0.622066 0.084375 0.093897
0 0.335156 0.669014 0.051562 0.093897
0 0.464844 0.663146 0.085938 0.096244
7 0.382031 0.713615 0.101562 0.154930
6 0.509375 0.748826 0.118750 0.197183
0 0.582031 0.720657 0.026562 0.126761
0 0.557813 0.876761 0.128125 0.157277
0 0.589063 0.946009 0.143750 0.093897
0 0.380469 0.920188 0.132812 0.136150
8 0.210156 0.755869 0.114062 0.150235
6 0.280469 0.819249 0.129688 0.230047
3 0.036719 0.481221 0.064062 0.037559
0 0.039062 0.521127 0.062500 0.042254
0 0.031250 0.562207 0.062500 0.049296
8 0.015625 0.605634 0.031250 0.089202
3 0.060156 0.640845 0.064062 0.117371
0 0.024219 0.707746 0.048438 0.110329
0 0.007812 0.788732 0.015625 0.126761
0 0.105469 0.879108 0.114062 0.138498
3 0.053906 0.924883 0.098437 0.136150
0 0.263281 0.971831 0.135937 0.042254