1 0.239063 0.696250 0.315625 0.377500
5 0.712500 0.805000 0.246875 0.345000
5 0.910937 0.507500 0.171875 0.215000
6 0.566406 0.605000 0.214062 0.355000
6 0.460156 0.521250 0.170313 0.322500
6 0.356250 0.435000 0.137500 0.185000
1 0.257031 0.411250 0.067187 0.162500
5 0.225000 0.351250 0.090625 0.182500
5 0.148438 0.316250 0.068750 0.112500
6 0.599219 0.293750 0.073438 0.152500
6 0.738281 0.267500 0.092188 0.125000
5 0.665625 0.252500 0.062500 0.110000
3 0.747656 0.348750 0.039062 0.072500
9 0.696875 0.362500 0.053125 0.090000
9 0.917969 0.363750 0.092188 0.092500
0 0.143750 0.438750 0.062500 0.067500
9 0.047656 0.553750 0.079687 0.137500
6 0.545312 0.305000 0.043750 0.100000
12 0.510938 0.291250 0.037500 0.072500
9 0.421875 0.307500 0.075000 0.075000
1 0.349219 0.271250 0.217188 0.122500
6 0.496875 0.257500 0.043750 0.080000
6 0.101562 0.187500 0.037500 0.070000
6 0.084375 0.167500 0.031250 0.070000
0 0.096875 0.233750 0.028125 0.037500