17 0.626563 0.730208 0.468750 0.522917
1 0.121875 0.598958 0.243750 0.789583
0 0.370312 0.787500 0.312500 0.416667
16 0.282031 0.630208 0.195312 0.152083
9 0.827344 0.453125 0.176563 0.202083
0 0.949219 0.401042 0.070312 0.143750
2 0.963281 0.540625 0.048438 0.122917
9 0.478906 0.470833 0.201563 0.225000
3 0.614062 0.490625 0.125000 0.181250
0 0.339062 0.457292 0.190625 0.177083
1 0.564063 0.228125 0.103125 0.093750
0 0.638281 0.380208 0.117188 0.089583
14 0.853125 0.325000 0.125000 0.100000
0 0.537500 0.352083 0.100000 0.054167
0 0.953125 0.309375 0.071875 0.072917
0 0.608594 0.311458 0.076563 0.052083
2 0.286719 0.332292 0.035937 0.052083
3 0.417969 0.271875 0.042188 0.052083
3 0.494531 0.241667 0.026562 0.037500
3 0.463281 0.250000 0.023438 0.037500
0 0.703906 0.303125 0.085938 0.072917
0 0.742188 0.340625 0.103125 0.072917
0 0.657813 0.277083 0.062500 0.062500
0 0.742969 0.271875 0.051562 0.043750
9 0.838281 0.251042 0.073438 0.064583
9 0.934375 0.243750 0.071875 0.062500
6 0.707031 0.238542 0.057813 0.039583