7 0.176563 0.827338 0.087500 0.167866
10 0.150000 0.687050 0.018750 0.050360
2 0.358594 0.534772 0.060937 0.047962
4 0.131250 0.350120 0.046875 0.081535
4 0.162500 0.218225 0.081250 0.086331
4 0.071094 0.225420 0.082812 0.052758
4 0.235156 0.176259 0.067187 0.083933
4 0.707031 0.229017 0.023438 0.035971
4 0.717969 0.177458 0.032813 0.057554
4 0.656250 0.149880 0.059375 0.074341
4 0.857031 0.513189 0.073438 0.071942
4 0.903906 0.435252 0.064062 0.031175
3 0.252344 0.806954 0.057813 0.107914
3 0.272656 0.928058 0.057813 0.129496
3 0.364844 0.949640 0.054688 0.091127
3 0.421875 0.515588 0.056250 0.052758
3 0.718750 0.261391 0.056250 0.038369
0 0.950781 0.491607 0.085938 0.091127
0 0.564844 0.569544 0.060937 0.103118
0 0.617969 0.513189 0.073438 0.095923
0 0.504687 0.824940 0.078125 0.134293
6 0.552344 0.938849 0.085938 0.107914
0 0.767969 0.623501 0.079687 0.163070
0 0.422656 0.850120 0.089063 0.136691
0 0.329688 0.842926 0.081250 0.103118
0 0.175781 0.955635 0.073438 0.074341
0 0.039844 0.339329 0.079687 0.055156
4 0.059375 0.389688 0.028125 0.050360
0 0.228125 0.308153 0.134375 0.064748
0 0.209375 0.380096 0.100000 0.074341
0 0.421094 0.304556 0.132812 0.100719
0 0.775781 0.067146 0.095312 0.086331
0 0.073438 0.296163 0.100000 0.074341
13 0.864062 0.468825 0.043750 0.031175
13 0.603125 0.139089 0.056250 0.052758