3 0.042969 0.586402 0.085938 0.135977
3 0.445312 0.746459 0.071875 0.218130
3 0.877344 0.756374 0.095312 0.215297
3 0.460938 0.541076 0.059375 0.113314
3 0.756250 0.412181 0.050000 0.082153
3 0.557813 0.383853 0.034375 0.031161
2 0.896094 0.613314 0.042188 0.076487
2 0.840625 0.552408 0.034375 0.073654
2 0.630469 0.453258 0.023438 0.056657
2 0.583594 0.356941 0.023438 0.039660
2 0.716406 0.366856 0.023438 0.042493
2 0.412500 0.277620 0.012500 0.028329
10 0.673438 0.464589 0.018750 0.050992
1 0.502344 0.211048 0.020313 0.031161
1 0.526563 0.219547 0.021875 0.036827
1 0.550781 0.242210 0.023438 0.053824
1 0.596875 0.239377 0.021875 0.048159
3 0.613281 0.260623 0.007812 0.028329
1 0.635938 0.273371 0.034375 0.059490
1 0.363281 0.237960 0.029687 0.033994
1 0.321094 0.253541 0.039062 0.031161
1 0.335156 0.291785 0.067187 0.045326
1 0.281250 0.390935 0.112500 0.158640
1 0.751563 0.803116 0.225000 0.376771
1 0.572656 0.592068 0.123438 0.379603
0 0.344531 0.742210 0.129688 0.249292
8 0.671094 0.320113 0.032813 0.056657
8 0.210156 0.356941 0.048438 0.073654
0 0.438281 0.284703 0.023438 0.036827
7 0.406250 0.324363 0.037500 0.048159
8 0.523438 0.313031 0.031250 0.048159
0 0.288281 0.298867 0.023438 0.036827
2 0.807813 0.487252 0.031250 0.056657
0 0.439844 0.456091 0.060937 0.056657
0 0.467187 0.390935 0.043750 0.062323
0 0.507031 0.413598 0.032813 0.084986
0 0.480469 0.338527 0.032813 0.048159
0 0.483594 0.297450 0.026562 0.022663
0 0.498437 0.232295 0.015625 0.022663
0 0.511719 0.250708 0.014063 0.019830
0 0.514062 0.274788 0.018750 0.022663