3 0.561719 0.844011 0.060937 0.155989
3 0.200000 0.671309 0.050000 0.100279
3 0.165625 0.580780 0.031250 0.064067
3 0.236719 0.526462 0.020313 0.044568
3 0.260156 0.509749 0.020313 0.027855
3 0.282031 0.493036 0.017188 0.033426
3 0.327344 0.495822 0.020313 0.033426
3 0.343750 0.462396 0.012500 0.022284
3 0.726562 0.785515 0.050000 0.094708
10 0.614844 0.798050 0.023438 0.080780
2 0.557813 0.699164 0.025000 0.066852
10 0.546875 0.593315 0.015625 0.033426
4 0.525000 0.509749 0.015625 0.044568
14 0.494531 0.493036 0.023438 0.044568
4 0.384375 0.456825 0.015625 0.022284
4 0.257031 0.550139 0.020313 0.052925
0 0.309375 0.481894 0.018750 0.027855
0 0.548438 0.559889 0.040625 0.033426