1 0.722656 0.401389 0.151562 0.091667
9 0.920312 0.423611 0.112500 0.102778
3 0.835938 0.440278 0.068750 0.086111
3 0.858594 0.527778 0.079687 0.150000
3 0.052344 0.645833 0.104688 0.297222
3 0.085156 0.570833 0.148438 0.175000
3 0.182031 0.631944 0.154688 0.297222
3 0.304688 0.609722 0.181250 0.247222
3 0.424219 0.538889 0.082812 0.155556
3 0.351562 0.472222 0.103125 0.083333
3 0.377344 0.431944 0.067187 0.041667
3 0.466406 0.518056 0.114062 0.152778
3 0.548438 0.531944 0.128125 0.163889
3 0.592969 0.586111 0.167187 0.216667
3 0.732031 0.601389 0.095312 0.258333
3 0.746094 0.533333 0.089063 0.172222
3 0.773438 0.484722 0.056250 0.102778
3 0.746094 0.437500 0.073438 0.052778
3 0.659375 0.488889 0.096875 0.116667
3 0.632812 0.448611 0.068750 0.063889
9 0.487500 0.438889 0.137500 0.077778
9 0.594531 0.437500 0.073438 0.091667
0 0.255469 0.476389 0.101562 0.063889
0 0.118750 0.468056 0.128125 0.058333
0 0.407813 0.787500 0.475000 0.413889
0 0.902344 0.583333 0.192188 0.183333
1 0.940625 0.681944 0.115625 0.613889
9 0.545312 0.379167 0.050000 0.025000