0 0.335156 0.726389 0.670312 0.536111
9 0.513281 0.450000 0.348438 0.305556
0 0.183594 0.451389 0.304688 0.175000
0 0.099219 0.595833 0.198437 0.269444
0 0.858594 0.355556 0.085938 0.111111
0 0.061719 0.352778 0.089063 0.094444
1 0.050781 0.291667 0.095312 0.105556
1 0.409375 0.284722 0.209375 0.108333
3 0.785156 0.476389 0.157812 0.263889
3 0.750781 0.404167 0.120313 0.175000
3 0.942969 0.365278 0.107813 0.163889
3 0.750781 0.305556 0.070312 0.038889
3 0.667188 0.329167 0.056250 0.097222
3 0.862500 0.287500 0.053125 0.047222
3 0.223438 0.352778 0.121875 0.116667
3 0.333594 0.352778 0.104688 0.122222
3 0.404687 0.340278 0.053125 0.102778
3 0.600781 0.287500 0.070312 0.030556