3 0.332813 0.723611 0.662500 0.547222
3 0.573438 0.495833 0.212500 0.447222
3 0.703125 0.369444 0.112500 0.272222
3 0.831250 0.354167 0.134375 0.247222
3 0.897656 0.305556 0.070312 0.183333
3 0.170313 0.406944 0.293750 0.275000
3 0.060156 0.370833 0.120313 0.241667
1 0.064062 0.190278 0.128125 0.169444
3 0.282813 0.248611 0.128125 0.063889
3 0.343750 0.359722 0.137500 0.225000
3 0.400781 0.315278 0.107813 0.202778
8 0.429688 0.230556 0.103125 0.088889
9 0.565625 0.193056 0.081250 0.047222
4 0.304688 0.198611 0.028125 0.058333
3 0.537500 0.266667 0.084375 0.138889
3 0.665625 0.254167 0.084375 0.097222
3 0.601562 0.231944 0.040625 0.080556
3 0.722656 0.218056 0.042188 0.047222
3 0.774219 0.231944 0.057813 0.047222
3 0.787500 0.206944 0.031250 0.041667
0 0.964063 0.281944 0.068750 0.147222
0 0.918750 0.212500 0.065625 0.052778
9 0.682813 0.176389 0.059375 0.041667
4 0.366406 0.198611 0.020313 0.058333
3 0.507031 0.190278 0.029687 0.030556