3 0.513281 0.650000 0.357812 0.694444
3 0.800781 0.512500 0.232813 0.502778
3 0.140625 0.477778 0.281250 0.477778
3 0.214062 0.351389 0.171875 0.302778
3 0.094531 0.241667 0.173437 0.083333
3 0.032031 0.176389 0.064062 0.058333
3 0.077344 0.163889 0.045312 0.050000
3 0.122656 0.177778 0.101562 0.077778
3 0.226562 0.184722 0.096875 0.058333
3 0.341406 0.298611 0.101562 0.252778
3 0.347656 0.162500 0.085938 0.063889
3 0.450781 0.284722 0.135937 0.230556
3 0.565625 0.231944 0.081250 0.152778
3 0.625781 0.173611 0.073438 0.052778
3 0.642969 0.277778 0.160938 0.161111
3 0.719531 0.212500 0.104688 0.091667
3 0.789844 0.198611 0.089063 0.075000
3 0.798438 0.161111 0.068750 0.061111
3 0.874219 0.176389 0.060937 0.052778
3 0.900000 0.293056 0.093750 0.230556
3 0.820312 0.248611 0.168750 0.102778
9 0.614844 0.145833 0.101562 0.075000
0 0.980469 0.204167 0.032813 0.075000
1 0.738281 0.152778 0.051562 0.061111