0 0.218750 0.727778 0.437500 0.538889
0 0.472656 0.430556 0.164062 0.172222
0 0.583594 0.402778 0.089063 0.127778
3 0.071094 0.386111 0.064062 0.116667
3 0.360156 0.361111 0.035937 0.055556
1 0.728906 0.341667 0.207813 0.266667
1 0.925781 0.356944 0.126562 0.169444
1 0.980469 0.336111 0.035937 0.138889
3 0.842969 0.361111 0.029687 0.072222
2 0.163281 0.412500 0.045312 0.102778
2 0.232031 0.406944 0.035937 0.086111
6 0.465625 0.358333 0.106250 0.105556
19 0.400781 0.345833 0.029687 0.097222
2 0.303125 0.379167 0.031250 0.047222