1 0.822656 0.373611 0.195312 0.308333
3 0.184375 0.747222 0.365625 0.500000
10 0.935937 0.502778 0.037500 0.111111
1 0.937500 0.370833 0.040625 0.119444
1 0.970313 0.352778 0.031250 0.083333
1 0.935937 0.298611 0.037500 0.069444
0 0.699219 0.422222 0.057813 0.111111
3 0.700781 0.354167 0.032813 0.052778
14 0.271875 0.445833 0.112500 0.202778
0 0.075781 0.462500 0.151562 0.136111
1 0.091406 0.326389 0.182812 0.141667
8 0.121094 0.395833 0.235937 0.141667
0 0.189844 0.422222 0.139063 0.111111
1 0.473438 0.412500 0.403125 0.558333