1 0.491406 0.100000 0.123438 0.094444
1 0.646875 0.143056 0.168750 0.102778
1 0.864844 0.180556 0.264062 0.244444
9 0.943750 0.504167 0.109375 0.447222
3 0.907813 0.412500 0.171875 0.336111
3 0.959375 0.234722 0.078125 0.069444
3 0.894531 0.331944 0.167187 0.247222
3 0.580469 0.681944 0.585938 0.630556
3 0.140625 0.656944 0.281250 0.675000
3 0.155469 0.412500 0.307812 0.363889
3 0.039844 0.227778 0.079687 0.061111
3 0.540625 0.368056 0.290625 0.213889
3 0.667969 0.326389 0.176563 0.175000
3 0.695312 0.308333 0.181250 0.205556
9 0.748437 0.240278 0.125000 0.163889
3 0.504687 0.262500 0.187500 0.091667
0 0.392969 0.276389 0.139063 0.152778
3 0.170313 0.213889 0.153125 0.061111
1 0.444531 0.134722 0.073438 0.063889
3 0.527344 0.161111 0.042188 0.044444