2 0.679688 0.691667 0.106250 0.238889
2 0.254688 0.959722 0.090625 0.075000
0 0.299219 0.722222 0.598437 0.533333
0 0.667969 0.506944 0.239063 0.252778
0 0.289062 0.502778 0.396875 0.222222
0 0.171094 0.463889 0.260937 0.188889
9 0.566406 0.406944 0.223438 0.197222
3 0.784375 0.415278 0.093750 0.169444
3 0.835156 0.394444 0.092188 0.155556
3 0.869531 0.354167 0.060937 0.113889
3 0.902344 0.338889 0.035937 0.100000
3 0.700781 0.361111 0.067187 0.094444
0 0.743750 0.338889 0.050000 0.055556
0 0.803906 0.315278 0.042188 0.058333
1 0.855469 0.283333 0.095312 0.061111
1 0.187500 0.293056 0.225000 0.113889
3 0.060156 0.365278 0.117188 0.125000
3 0.175000 0.359722 0.109375 0.125000
3 0.284375 0.354167 0.093750 0.102778
3 0.358594 0.348611 0.079687 0.102778
3 0.406250 0.336111 0.046875 0.088889
3 0.460938 0.348611 0.065625 0.102778