3 0.114062 0.355556 0.228125 0.261111
1 0.021094 0.168056 0.042188 0.080556
1 0.097656 0.181944 0.126562 0.130556
1 0.204687 0.154167 0.043750 0.058333
0 0.219531 0.226389 0.020313 0.058333
1 0.517969 0.205556 0.429688 0.205556
3 0.357031 0.365278 0.229687 0.269444
3 0.378125 0.394444 0.262500 0.283333
3 0.546875 0.327778 0.156250 0.200000
3 0.653906 0.326389 0.120313 0.202778
3 0.808594 0.455556 0.301563 0.361111
3 0.718750 0.379167 0.209375 0.263889
3 0.812500 0.265278 0.153125 0.091667
3 0.964063 0.337500 0.068750 0.225000
2 0.333594 0.787500 0.432812 0.413889
13 0.377344 0.659722 0.501563 0.380556
9 0.076563 0.223611 0.150000 0.091667