1 0.902344 0.725000 0.189062 0.500000
1 0.560156 0.559722 0.339062 0.436111
1 0.212500 0.270833 0.218750 0.280556
1 0.077344 0.163889 0.073438 0.150000
1 0.046875 0.081944 0.093750 0.091667
1 0.235156 0.045833 0.045312 0.030556
3 0.749219 0.869444 0.198437 0.255556
0 0.434375 0.781944 0.225000 0.263889
0 0.210156 0.506944 0.132812 0.175000
3 0.252344 0.437500 0.076563 0.152778
9 0.101562 0.365278 0.106250 0.158333
0 0.033594 0.287500 0.064062 0.091667
6 0.041406 0.212500 0.076563 0.091667
3 0.163281 0.345833 0.042188 0.119444
3 0.260156 0.436111 0.082812 0.144444
3 0.353125 0.290278 0.046875 0.108333
3 0.708594 0.518056 0.089063 0.180556
0 0.446094 0.323611 0.101562 0.102778
0 0.387500 0.398611 0.031250 0.108333
18 0.371094 0.344444 0.023438 0.066667
0 0.165625 0.118056 0.046875 0.036111
0 0.149219 0.101389 0.051562 0.052778
0 0.220312 0.097222 0.059375 0.044444