3 0.450000 0.708333 0.762500 0.577778
3 0.097656 0.570833 0.195312 0.647222
3 0.246875 0.372222 0.271875 0.338889
3 0.333594 0.298611 0.179688 0.241667
3 0.046875 0.231944 0.093750 0.069444
3 0.158594 0.218056 0.195312 0.091667
3 0.296875 0.172222 0.125000 0.061111
3 0.422656 0.170833 0.079687 0.136111
3 0.560156 0.281944 0.132812 0.280556
3 0.911719 0.473611 0.170313 0.552778
3 0.682031 0.370833 0.248438 0.286111
3 0.767188 0.306944 0.150000 0.291667
3 0.678906 0.173611 0.095312 0.108333
3 0.835938 0.169444 0.096875 0.077778
3 0.932031 0.193056 0.132812 0.069444
3 0.978906 0.138889 0.035937 0.066667
3 0.920312 0.134722 0.065625 0.080556
1 0.880469 0.115278 0.023438 0.047222
9 0.801562 0.109722 0.093750 0.075000
9 0.545312 0.169444 0.168750 0.172222
3 0.024219 0.177778 0.048438 0.077778
4 0.103125 0.134722 0.040625 0.102778
4 0.296094 0.126389 0.060937 0.052778
6 0.209375 0.148611 0.093750 0.091667
3 0.745313 0.140278 0.056250 0.052778
0 0.960156 0.148611 0.023438 0.052778
9 0.710938 0.120833 0.087500 0.041667