1 0.931250 0.704167 0.131250 0.580556
0 0.622656 0.711111 0.335938 0.316667
3 0.036719 0.676389 0.073438 0.302778
3 0.072656 0.618056 0.132812 0.213889
3 0.200000 0.643056 0.162500 0.280556
3 0.310937 0.656944 0.209375 0.286111
3 0.398438 0.583333 0.103125 0.194444
3 0.519531 0.595833 0.148438 0.186111
3 0.605469 0.594444 0.145313 0.138889
3 0.246875 0.500000 0.078125 0.083333
9 0.389062 0.502778 0.146875 0.122222
9 0.547656 0.477778 0.098437 0.094444
1 0.755469 0.463889 0.179688 0.116667
3 0.886719 0.502778 0.064062 0.111111
3 0.817969 0.616667 0.082812 0.211111
3 0.843750 0.534722 0.059375 0.097222
3 0.719531 0.537500 0.076563 0.086111
3 0.745313 0.540278 0.075000 0.113889
3 0.738281 0.487500 0.076563 0.047222
3 0.639844 0.505556 0.095312 0.066667
3 0.108594 0.512500 0.123438 0.063889
3 0.471094 0.534722 0.079687 0.113889
9 0.525000 0.431944 0.046875 0.036111
9 0.603906 0.445833 0.057813 0.036111
3 0.649219 0.447222 0.035937 0.038889