11 0.067969 0.417939 0.048438 0.164122
2 0.117969 0.343511 0.026562 0.122137
10 0.039062 0.152672 0.012500 0.068702
9 0.028906 0.131679 0.048438 0.072519
4 0.096875 0.198473 0.050000 0.076336
4 0.089063 0.154580 0.028125 0.064885
4 0.350781 0.320611 0.023438 0.122137
5 0.336719 0.198473 0.076563 0.114504
6 0.396094 0.166031 0.023438 0.080153
11 0.377344 0.417939 0.051562 0.179389
4 0.376563 0.122137 0.015625 0.053435
11 0.378906 0.263359 0.026562 0.114504
11 0.403906 0.293893 0.032813 0.099237
2 0.464062 0.284351 0.025000 0.057252
0 0.527344 0.490458 0.073438 0.156489
4 0.588281 0.543893 0.057813 0.164122
9 0.652344 0.433206 0.148438 0.156489
0 0.707031 0.509542 0.164062 0.125954
0 0.797656 0.631679 0.151562 0.171756
4 0.703906 0.675573 0.073438 0.244275
11 0.622656 0.767176 0.107813 0.328244
11 0.820312 0.872137 0.159375 0.232824
9 0.894531 0.816794 0.204687 0.343511