0 0.246094 0.965232 0.067187 0.049669
0 0.262500 0.902318 0.059375 0.096026
0 0.280469 0.857616 0.048438 0.079470
0 0.313281 0.781457 0.035937 0.072848
0 0.317188 0.738411 0.028125 0.033113
4 0.356250 0.700331 0.012500 0.056291
4 0.380469 0.682119 0.014063 0.052980
4 0.402344 0.647351 0.010937 0.036424
4 0.410938 0.627483 0.009375 0.029801
4 0.392969 0.620861 0.007812 0.029801
4 0.347656 0.612583 0.007812 0.026490
4 0.343750 0.597682 0.006250 0.023179
4 0.330469 0.610927 0.020313 0.023179
11 0.361719 0.645695 0.017188 0.039735
11 0.431250 0.665563 0.015625 0.046358
11 0.378125 0.625828 0.009375 0.033113
11 0.364844 0.614238 0.010937 0.023179
9 0.387500 0.599338 0.015625 0.026490
10 0.396094 0.690397 0.004687 0.029801
5 0.573438 0.778146 0.056250 0.125828
10 0.532031 0.658940 0.017188 0.019868
4 0.600000 0.652318 0.015625 0.039735
4 0.612500 0.774834 0.015625 0.079470
11 0.608594 0.705298 0.014063 0.052980
11 0.613281 0.663907 0.007812 0.029801
11 0.638281 0.784768 0.029687 0.079470
2 0.657031 0.764901 0.014063 0.039735
2 0.658594 0.718543 0.014063 0.026490
0 0.695312 0.827815 0.043750 0.079470
0 0.852344 0.902318 0.089063 0.089404
0 0.803125 0.847682 0.096875 0.072848
9 0.772656 0.793046 0.082812 0.069536
4 0.730469 0.855960 0.035937 0.089404
4 0.796875 0.925497 0.043750 0.129139
9 0.885938 0.951987 0.084375 0.076159