1 0.452344 0.945833 0.032813 0.097222
1 0.448437 0.798611 0.025000 0.075000
1 0.456250 0.713889 0.025000 0.061111
1 0.426563 0.734722 0.018750 0.069444
1 0.439844 0.665278 0.020313 0.058333
1 0.389844 0.519444 0.014063 0.044444
1 0.380469 0.386111 0.007812 0.022222
0 0.367969 0.388889 0.004687 0.011111
0 0.394531 0.479167 0.007812 0.013889
0 0.408594 0.550000 0.007812 0.016667
4 0.396094 0.550000 0.004687 0.016667
3 0.403125 0.683333 0.009375 0.022222
3 0.411719 0.665278 0.007812 0.025000
2 0.425781 0.681944 0.004687 0.019444
2 0.407031 0.598611 0.004687 0.013889
2 0.416406 0.565278 0.004687 0.013889
4 0.442188 0.747222 0.009375 0.022222
8 0.461719 0.768056 0.014063 0.030556
6 0.446094 0.880556 0.032813 0.038889
3 0.478906 0.938889 0.014063 0.038889
0 0.492188 0.979167 0.018750 0.030556