0 0.317188 0.955298 0.065625 0.069536
0 0.349219 0.912252 0.051562 0.082781
0 0.394531 0.841060 0.035937 0.066225
0 0.406250 0.802980 0.031250 0.049669
4 0.467969 0.864238 0.023438 0.072848
4 0.532813 0.761589 0.015625 0.052980
4 0.490625 0.711921 0.012500 0.039735
4 0.531250 0.705298 0.012500 0.039735
4 0.513281 0.685430 0.010937 0.033113
4 0.503125 0.682119 0.009375 0.033113
4 0.475000 0.677152 0.009375 0.029801
4 0.439063 0.677152 0.009375 0.029801
11 0.462500 0.677152 0.009375 0.029801
11 0.487500 0.660596 0.009375 0.029801
11 0.503906 0.653974 0.010937 0.016556
11 0.542188 0.688742 0.021875 0.039735
11 0.433594 0.650662 0.007812 0.023179
11 0.451562 0.642384 0.009375 0.019868
5 0.474219 0.629139 0.023438 0.039735
1 0.507812 0.610927 0.031250 0.036424
1 0.469531 0.609272 0.029687 0.019868
17 0.698438 0.903974 0.056250 0.172185
11 0.722656 0.875828 0.035937 0.109272
11 0.702344 0.796358 0.035937 0.043046
11 0.728906 0.728477 0.020313 0.046358
11 0.717187 0.693709 0.031250 0.043046
4 0.628906 0.721854 0.014063 0.052980
6 0.685937 0.708609 0.028125 0.046358
11 0.800781 0.948675 0.064062 0.082781
4 0.778125 0.900662 0.031250 0.099338
4 0.862500 0.945364 0.040625 0.089404
0 0.934375 0.933775 0.112500 0.086093
0 0.889844 0.865894 0.101562 0.056291
9 0.864062 0.829470 0.096875 0.096026
18 0.746875 0.806291 0.015625 0.043046
2 0.761719 0.751656 0.010937 0.026490
0 0.717969 0.774834 0.035937 0.059603
11 0.753906 0.698675 0.020313 0.046358
5 0.743750 0.655629 0.025000 0.059603
2 0.759375 0.799669 0.006250 0.036424