0 0.488281 0.912500 0.023438 0.047222
0 0.393750 0.456944 0.009375 0.019444
0 0.380469 0.395833 0.007812 0.013889
0 0.349219 0.287500 0.004687 0.008333
1 0.464844 0.943056 0.035937 0.102778
1 0.440625 0.854167 0.034375 0.125000
3 0.472656 0.856944 0.014063 0.036111
6 0.450781 0.793056 0.029687 0.041667
1 0.435156 0.709722 0.029687 0.075000
1 0.412500 0.634722 0.018750 0.063889
1 0.444531 0.623611 0.023438 0.063889
1 0.431250 0.580556 0.021875 0.055556
4 0.426563 0.659722 0.006250 0.013889
2 0.427344 0.626389 0.004687 0.019444
3 0.396094 0.593056 0.010937 0.025000
3 0.386719 0.581944 0.007812 0.025000
4 0.495312 0.981944 0.012500 0.025000
2 0.396094 0.527778 0.004687 0.016667
2 0.396094 0.479167 0.004687 0.013889
4 0.378906 0.456944 0.004687 0.019444
1 0.372656 0.425000 0.014063 0.044444
1 0.361719 0.287500 0.007812 0.019444