11 0.218750 0.928177 0.062500 0.125230
11 0.202344 0.774401 0.035937 0.071823
11 0.175781 0.712707 0.017188 0.044199
11 0.175781 0.666667 0.017188 0.029466
11 0.063281 0.677716 0.014063 0.029466
4 0.305469 0.917127 0.051562 0.110497
4 0.285156 0.850829 0.039062 0.081031
4 0.192188 0.720994 0.021875 0.034991
2 0.117969 0.751381 0.014063 0.044199
2 0.563281 0.908840 0.073438 0.038674
2 0.542188 0.895948 0.071875 0.034991
2 0.512500 0.887661 0.062500 0.040516
2 0.500000 0.871087 0.065625 0.044199
2 0.442188 0.828729 0.059375 0.044199
7 0.328125 0.837017 0.059375 0.075506
0 0.367969 0.797422 0.126562 0.044199
0 0.332813 0.784530 0.100000 0.044199
9 0.317969 0.763352 0.129688 0.064457
6 0.244531 0.719153 0.045312 0.071823
14 0.285156 0.697974 0.032813 0.044199
11 0.189844 0.691529 0.017188 0.023941
4 0.196094 0.671271 0.014063 0.023941
9 0.147656 0.642726 0.017188 0.022099
0 0.168750 0.633517 0.012500 0.014733
0 0.157812 0.622468 0.012500 0.011050
9 0.238281 0.656538 0.020313 0.023941
0 0.106250 0.650092 0.015625 0.018416
0 0.015625 0.656538 0.009375 0.020258
1 0.004687 0.670350 0.009375 0.058932
2 0.093750 0.623389 0.006250 0.012891
5 0.170313 0.586556 0.009375 0.016575
4 0.189062 0.647330 0.012500 0.020258
6 0.216406 0.629834 0.014063 0.014733
5 0.205469 0.607735 0.017188 0.018416
17 0.607031 0.958564 0.132812 0.075506