2 0.582031 0.795833 0.714063 0.397222
3 0.100000 0.427778 0.053125 0.072222
4 0.202344 0.430556 0.079687 0.161111
6 0.227344 0.400000 0.107813 0.100000
1 0.326562 0.338889 0.140625 0.161111
19 0.423438 0.359722 0.037500 0.075000
1 0.413281 0.306944 0.042188 0.036111
2 0.953906 0.425000 0.060937 0.133333
2 0.910156 0.398611 0.020313 0.036111
2 0.856250 0.388889 0.021875 0.027778
4 0.834375 0.376389 0.018750 0.041667
4 0.810156 0.373611 0.020313 0.052778
4 0.756250 0.368056 0.012500 0.030556
3 0.662500 0.365278 0.018750 0.030556
3 0.638281 0.362500 0.023438 0.025000
3 0.617188 0.359722 0.012500 0.019444
1 0.643750 0.340278 0.050000 0.025000
1 0.709375 0.355556 0.078125 0.050000
0 0.780469 0.370833 0.023438 0.036111
4 0.703125 0.365278 0.015625 0.019444
4 0.683594 0.362500 0.017188 0.025000
4 0.738281 0.365278 0.014063 0.025000