11 0.039844 0.916497 0.067187 0.154786
11 0.168750 0.715886 0.046875 0.107943
11 0.675781 0.859470 0.107813 0.162933
4 0.608594 0.923625 0.076563 0.144603
4 0.771094 0.918534 0.085938 0.154786
4 0.503125 0.770876 0.053125 0.116090
4 0.020313 0.798371 0.028125 0.052953
4 0.017969 0.721996 0.029687 0.112016
10 0.435156 0.801426 0.032813 0.075356
2 0.953125 0.909369 0.065625 0.095723
0 0.839844 0.851324 0.204687 0.093686
0 0.782031 0.781059 0.167187 0.071283
9 0.716406 0.727088 0.179688 0.081466
1 0.351562 0.604888 0.093750 0.211813
0 0.452344 0.652749 0.060937 0.071283
10 0.047656 0.654786 0.014063 0.034623
10 0.023438 0.629328 0.012500 0.040733
4 0.008594 0.523422 0.017188 0.036660
11 0.036719 0.520367 0.020313 0.034623
11 0.049219 0.507128 0.014063 0.032587
11 0.057813 0.490835 0.015625 0.024440
11 0.264844 0.498982 0.020313 0.028513
1 0.013281 0.441955 0.026562 0.024440
18 0.507812 0.693483 0.025000 0.050916
11 0.467187 0.603870 0.043750 0.050916
4 0.450781 0.571283 0.023438 0.050916
4 0.496094 0.586558 0.023438 0.044807
0 0.436719 0.529532 0.067187 0.024440
14 0.250781 0.503055 0.014063 0.024440
4 0.505469 0.532587 0.029687 0.034623
2 0.538281 0.633401 0.029687 0.032587