0 0.415625 0.970982 0.031250 0.049107
0 0.721875 0.959821 0.034375 0.071429
2 0.491406 0.910714 0.010937 0.053571
4 0.468750 0.852679 0.012500 0.044643
4 0.475000 0.837054 0.009375 0.049107
4 0.476562 0.808036 0.009375 0.035714
4 0.500000 0.830357 0.009375 0.035714
4 0.446094 0.799107 0.007812 0.035714
11 0.465625 0.805804 0.009375 0.031250
11 0.490625 0.850446 0.012500 0.058036
5 0.535937 0.848214 0.031250 0.116071
5 0.525000 0.779018 0.028125 0.058036
11 0.438281 0.781250 0.007812 0.026786
4 0.448437 0.772321 0.006250 0.017857
2 0.457813 0.770089 0.003125 0.022321
11 0.466406 0.785714 0.007812 0.017857
11 0.470313 0.772321 0.009375 0.026786
1 0.431250 0.712054 0.012500 0.049107
1 0.471094 0.725446 0.029687 0.040179
6 0.495312 0.745536 0.018750 0.035714
2 0.560156 0.841518 0.010937 0.040179
11 0.625781 0.872768 0.032813 0.066964
11 0.619531 0.785714 0.010937 0.035714
11 0.652344 0.948661 0.026562 0.093750
11 0.701562 0.926339 0.018750 0.084821
4 0.687500 0.917411 0.009375 0.075893
11 0.732031 0.899554 0.020313 0.066964
19 0.728906 0.832589 0.039062 0.075893
4 0.742969 0.875000 0.014063 0.044643
9 0.759375 0.814732 0.021875 0.049107
2 0.767969 0.933036 0.014063 0.035714