5 0.482031 0.824503 0.107813 0.331126
9 0.776563 0.918874 0.100000 0.142384
11 0.105469 0.778146 0.064062 0.139073
11 0.165625 0.725166 0.062500 0.125828
11 0.242188 0.682119 0.046875 0.105960
2 0.195312 0.652318 0.028125 0.046358
2 0.203125 0.629139 0.028125 0.033113
2 0.197656 0.587748 0.023438 0.036424
0 0.230469 0.594371 0.048438 0.062914
4 0.286719 0.605960 0.023438 0.079470
4 0.325781 0.624172 0.023438 0.082781
4 0.353906 0.561258 0.017188 0.049669
4 0.333594 0.556291 0.017188 0.052980
4 0.364844 0.523179 0.014063 0.046358
4 0.371094 0.495033 0.010937 0.036424
9 0.335938 0.504967 0.028125 0.043046
11 0.385156 0.518212 0.017188 0.043046
4 0.423438 0.465232 0.009375 0.029801
1 0.427344 0.438742 0.020313 0.049669
3 0.352344 0.488411 0.014063 0.036424
5 0.479687 0.466887 0.021875 0.066225
4 0.511719 0.533113 0.010937 0.052980
4 0.527344 0.541391 0.014063 0.049669
4 0.501563 0.461921 0.006250 0.029801
4 0.513281 0.468543 0.007812 0.029801
4 0.498437 0.435430 0.006250 0.016556
11 0.507031 0.450331 0.007812 0.026490
9 0.532031 0.450331 0.010937 0.026490
9 0.526563 0.443709 0.009375 0.019868
6 0.550000 0.511589 0.025000 0.056291
14 0.564844 0.491722 0.017188 0.036424
4 0.553906 0.596026 0.017188 0.059603
11 0.542188 0.680464 0.031250 0.115894
4 0.575781 0.715232 0.026562 0.119205
4 0.612500 0.711921 0.028125 0.112583
4 0.600000 0.660596 0.018750 0.096026
4 0.575781 0.620861 0.023438 0.069536
2 0.358594 0.655629 0.020313 0.079470
17 0.799219 0.784768 0.095312 0.158940
2 0.730469 0.678808 0.039062 0.039735
2 0.750781 0.692053 0.039062 0.039735
2 0.712500 0.660596 0.040625 0.049669
2 0.673438 0.620861 0.031250 0.036424
0 0.613281 0.625828 0.035937 0.066225
0 0.628125 0.587748 0.071875 0.043046
0 0.605469 0.574503 0.051562 0.036424
9 0.596875 0.557947 0.068750 0.049669
4 0.503906 0.435430 0.004687 0.016556
6 0.515625 0.422185 0.006250 0.016556
5 0.503125 0.399007 0.009375 0.023179