5 0.770312 0.570833 0.153125 0.419444
5 0.952344 0.345833 0.082812 0.202778
6 0.944531 0.138889 0.039062 0.088889
5 0.889062 0.015278 0.015625 0.030556
0 0.983594 0.148611 0.017188 0.052778
6 0.320312 0.761111 0.221875 0.333333
7 0.173437 0.895833 0.065625 0.202778
5 0.163281 0.698611 0.067187 0.275000
1 0.426563 0.598611 0.246875 0.347222
2 0.030469 0.400000 0.023438 0.083333
5 0.579688 0.484722 0.062500 0.247222
5 0.622656 0.419444 0.039062 0.216667
5 0.653125 0.365278 0.031250 0.202778
6 0.218750 0.436111 0.140625 0.161111
6 0.507812 0.248611 0.087500 0.075000
6 0.736719 0.187500 0.026562 0.152778