4 0.489844 0.584722 0.120313 0.386111
4 0.591406 0.465278 0.048438 0.202778
1 0.805469 0.483333 0.385937 0.816667
1 0.413281 0.370833 0.192188 0.236111
0 0.281250 0.447222 0.115625 0.150000
2 0.225781 0.390278 0.026562 0.091667
3 0.042969 0.508333 0.085938 0.250000
3 0.103125 0.406944 0.050000 0.119444
7 0.124219 0.363889 0.048438 0.066667
1 0.063281 0.329167 0.060937 0.080556
1 0.110156 0.312500 0.032813 0.041667
1 0.146875 0.320833 0.025000 0.058333
4 0.014844 0.368056 0.029687 0.058333
4 0.031250 0.356944 0.021875 0.041667
10 0.057813 0.352778 0.018750 0.044444
3 0.207813 0.329167 0.009375 0.025000
4 0.289062 0.358333 0.025000 0.050000
3 0.312500 0.361111 0.018750 0.061111
9 0.259375 0.354167 0.028125 0.052778
3 0.232813 0.329167 0.012500 0.025000
3 0.584375 0.383333 0.046875 0.083333
0 0.196094 0.326389 0.010937 0.019444