1 0.556250 0.365278 0.156250 0.263889
1 0.210156 0.638889 0.326562 0.388889
3 0.486719 0.559722 0.073438 0.141667
3 0.335938 0.841667 0.134375 0.238889
3 0.362500 0.706944 0.115625 0.147222
3 0.593750 0.559722 0.078125 0.130556
0 0.857812 0.494444 0.068750 0.116667
0 0.944531 0.519444 0.070312 0.133333
0 0.917969 0.905556 0.157812 0.177778
3 0.692969 0.370833 0.039062 0.063889
6 0.696875 0.479167 0.071875 0.147222
8 0.080469 0.422222 0.101562 0.094444
1 0.736719 0.298611 0.073438 0.097222
2 0.799219 0.306944 0.014063 0.047222