3 0.954688 0.533333 0.037500 0.077778
2 0.926562 0.547222 0.028125 0.088889
2 0.878906 0.562500 0.026562 0.102778
2 0.833594 0.576389 0.026562 0.108333
7 0.854688 0.543056 0.015625 0.030556
4 0.813281 0.561111 0.014063 0.044444
10 0.518750 0.683333 0.037500 0.077778
4 0.475781 0.668056 0.045312 0.130556
7 0.603125 0.623611 0.075000 0.097222
4 0.778906 0.570833 0.023438 0.058333
10 0.374219 0.797222 0.079687 0.111111
4 0.397656 0.688889 0.039062 0.105556
4 0.299219 0.729167 0.070312 0.141667
4 0.352344 0.668056 0.029687 0.063889
13 0.104688 0.779167 0.137500 0.186111
10 0.210938 0.793056 0.025000 0.091667