0 0.419531 0.562500 0.082812 0.130556
0 0.314844 0.769444 0.126562 0.194444
2 0.575781 0.787500 0.054688 0.191667
3 0.488281 0.740278 0.079687 0.202778
2 0.650781 0.708333 0.045312 0.177778
1 0.641406 0.400000 0.079687 0.216667
9 0.628906 0.508333 0.070312 0.161111
10 0.835938 0.750000 0.043750 0.172222
0 0.689844 0.887500 0.151562 0.213889
3 0.435937 0.462500 0.050000 0.102778
2 0.725781 0.759722 0.042188 0.147222
1 0.547656 0.298611 0.073438 0.136111
0 0.437500 0.365278 0.046875 0.063889
0 0.658594 0.619444 0.092188 0.150000
2 0.719531 0.438889 0.026562 0.100000
6 0.529687 0.468056 0.100000 0.202778
0 0.045312 0.673611 0.090625 0.158333
2 0.700781 0.422222 0.023438 0.100000
4 0.692969 0.284722 0.023438 0.069444
3 0.589844 0.301389 0.020313 0.063889
1 0.619531 0.165278 0.032813 0.063889
1 0.569531 0.158333 0.035937 0.050000