3 0.314063 0.651389 0.237500 0.558333
0 0.528906 0.556944 0.210938 0.358333
0 0.668750 0.536111 0.306250 0.316667
6 0.839844 0.759722 0.317188 0.447222
0 0.157031 0.426389 0.135937 0.202778
4 0.587500 0.348611 0.071875 0.086111
4 0.817969 0.445833 0.142187 0.213889
3 0.463281 0.355556 0.095312 0.105556
3 0.364844 0.338889 0.067187 0.105556
4 0.428125 0.329167 0.034375 0.075000
4 0.257812 0.301389 0.025000 0.047222
4 0.298438 0.298611 0.031250 0.047222
0 0.222656 0.355556 0.076563 0.094444
3 0.369531 0.343056 0.048438 0.097222
4 0.214844 0.295833 0.020313 0.047222
4 0.281250 0.298611 0.018750 0.041667
0 0.167969 0.318056 0.051562 0.058333
3 0.176563 0.291667 0.034375 0.033333
6 0.411719 0.329167 0.051562 0.091667
0 0.126562 0.291667 0.031250 0.027778
0 0.114062 0.343056 0.062500 0.086111
1 0.145313 0.261111 0.028125 0.050000
6 0.110156 0.248611 0.042188 0.075000
1 0.076563 0.254167 0.031250 0.047222