4 0.400781 0.613889 0.114062 0.316667
6 0.600781 0.590278 0.129688 0.336111
1 0.267188 0.355556 0.221875 0.105556
4 0.539062 0.494444 0.046875 0.155556
4 0.946094 0.515278 0.089063 0.136111
4 0.489063 0.465278 0.031250 0.102778
1 0.387500 0.370833 0.043750 0.063889
4 0.837500 0.779167 0.321875 0.408333
4 0.302344 0.481944 0.073438 0.147222
4 0.246875 0.531944 0.187500 0.230556
4 0.192188 0.601389 0.225000 0.352778
4 0.131250 0.663889 0.262500 0.455556
4 0.128906 0.709722 0.257812 0.436111
4 0.706250 0.451389 0.040625 0.075000
4 0.396094 0.429167 0.029687 0.041667
4 0.439844 0.429167 0.023438 0.047222
4 0.421094 0.436111 0.026562 0.050000