3 0.670312 0.677778 0.287500 0.550000
3 0.569531 0.359722 0.060937 0.086111
0 0.370312 0.556944 0.359375 0.308333
0 0.082031 0.547222 0.164062 0.283333
0 0.200000 0.437500 0.250000 0.141667
0 0.921094 0.452778 0.139063 0.155556
6 0.614844 0.341667 0.085938 0.100000
2 0.401562 0.351389 0.025000 0.047222
2 0.419531 0.348611 0.017188 0.052778
0 0.254688 0.347222 0.096875 0.061111
2 0.484375 0.345833 0.021875 0.047222
0 0.853125 0.381944 0.062500 0.069444
0 0.987500 0.413889 0.021875 0.088889
0 0.971094 0.366667 0.051562 0.066667