0 0.361719 0.731944 0.448437 0.530556
0 0.732812 0.736111 0.531250 0.522222
4 0.838281 0.448611 0.195312 0.180556
3 0.614844 0.419444 0.054688 0.150000
3 0.231250 0.320833 0.062500 0.047222
6 0.109375 0.258333 0.053125 0.077778
3 0.114844 0.294444 0.026562 0.038889
0 0.154688 0.448611 0.156250 0.225000
0 0.280469 0.406944 0.117188 0.147222
0 0.432031 0.495833 0.245312 0.247222
0 0.510156 0.431944 0.167187 0.158333
6 0.382812 0.333333 0.087500 0.100000
4 0.418750 0.348611 0.050000 0.086111
9 0.725781 0.462500 0.089063 0.119444
4 0.316406 0.318056 0.039062 0.036111
4 0.267969 0.320833 0.026562 0.058333
0 0.154688 0.323611 0.056250 0.063889
1 0.075000 0.265278 0.037500 0.058333
1 0.145313 0.268056 0.025000 0.047222
0 0.106250 0.370833 0.071875 0.102778
3 0.970313 0.612500 0.056250 0.341667
1 0.014063 0.259722 0.028125 0.041667