7 0.385937 0.329167 0.228125 0.375000
10 0.220312 0.376389 0.090625 0.119444
10 0.662500 0.345833 0.050000 0.252778
4 0.841406 0.416667 0.204687 0.361111
10 0.964844 0.373611 0.067187 0.252778
4 0.259375 0.200000 0.034375 0.088889
6 0.205469 0.198611 0.092188 0.186111
3 0.030469 0.187500 0.042188 0.075000
4 0.536719 0.219444 0.039062 0.100000
4 0.481250 0.233333 0.043750 0.127778
4 0.896094 0.287500 0.076563 0.158333
4 0.763281 0.261111 0.060937 0.127778
7 0.067969 0.173611 0.035937 0.091667
1 0.273438 0.151389 0.068750 0.102778
1 0.146875 0.134722 0.031250 0.058333
4 0.796094 0.226389 0.057813 0.102778
4 0.570312 0.209722 0.025000 0.091667
3 0.607031 0.215278 0.054688 0.102778
4 0.006250 0.177778 0.012500 0.066667
4 0.965625 0.209722 0.043750 0.063889