4 0.366197 0.881250 0.211268 0.215625
4 0.739437 0.776563 0.169014 0.206250
4 0.930751 0.890625 0.124413 0.215625
4 0.496479 0.702344 0.147887 0.154688
4 0.642019 0.573438 0.105634 0.125000
4 0.366197 0.650000 0.122066 0.131250
4 0.325117 0.757812 0.138498 0.143750
4 0.473005 0.472656 0.077465 0.092188
4 0.386150 0.478125 0.086854 0.087500
4 0.430751 0.564844 0.100939 0.104688
4 0.534038 0.581250 0.100939 0.109375
4 0.538732 0.473438 0.068075 0.087500
4 0.933099 0.570312 0.091549 0.053125
4 0.903756 0.775000 0.136150 0.159375