3 0.172656 0.631944 0.204687 0.325000
3 0.257812 0.495833 0.103125 0.186111
3 0.089063 0.598611 0.178125 0.297222
4 0.527344 0.370833 0.023438 0.058333
3 0.478906 0.379167 0.026562 0.058333
1 0.420312 0.375000 0.075000 0.122222
1 0.548438 0.312500 0.040625 0.091667
6 0.702344 0.375000 0.042188 0.061111
1 0.677344 0.330556 0.039062 0.100000
12 0.767969 0.312500 0.029687 0.052778
4 0.845313 0.459722 0.031250 0.080556
4 0.887500 0.431944 0.031250 0.075000
4 0.948438 0.455556 0.034375 0.083333
4 0.850000 0.398611 0.021875 0.058333
12 0.850000 0.347222 0.028125 0.044444
1 0.450000 0.301389 0.046875 0.069444