12 0.853906 0.502778 0.123438 0.177778
4 0.658594 0.487500 0.023438 0.047222
4 0.675781 0.484722 0.023438 0.047222
3 0.597656 0.504167 0.054688 0.069444
1 0.526563 0.490278 0.050000 0.113889
0 0.456250 0.525000 0.068750 0.061111
0 0.242969 0.538889 0.092188 0.055556
3 0.271094 0.515278 0.029687 0.030556
4 0.075000 0.591667 0.059375 0.150000
4 0.020313 0.604167 0.040625 0.186111
3 0.033594 0.537500 0.017188 0.041667
0 0.131250 0.550000 0.034375 0.038889
3 0.134375 0.525000 0.028125 0.027778
2 0.160156 0.534722 0.017188 0.025000
4 0.991406 0.470833 0.014063 0.047222
3 0.639062 0.498611 0.015625 0.058333