8 0.688542 0.478906 0.514583 0.210938
10 0.006250 0.387500 0.012500 0.037500
0 0.072917 0.388281 0.058333 0.035937
0 0.291667 0.400000 0.108333 0.053125
0 0.171875 0.390625 0.031250 0.043750
6 0.144792 0.371094 0.039583 0.035937
0 0.201042 0.386719 0.039583 0.032813
0 0.232292 0.380469 0.035417 0.020313
0 0.155208 0.384375 0.022917 0.028125
1 0.086458 0.360156 0.031250 0.010937
1 0.061458 0.361719 0.018750 0.007812
3 0.108333 0.375000 0.020833 0.018750
3 0.080208 0.375000 0.027083 0.015625
2 0.102083 0.378125 0.012500 0.025000
2 0.036458 0.378125 0.010417 0.021875
7 0.120833 0.371875 0.012500 0.015625
1 0.286458 0.363281 0.031250 0.017188
0 0.341667 0.388281 0.058333 0.039062