0 0.289062 0.611111 0.084375 0.177778
0 0.383594 0.637500 0.089063 0.197222
0 0.480469 0.754167 0.117188 0.263889
0 0.598437 0.709722 0.109375 0.225000
8 0.628125 0.526389 0.078125 0.158333
0 0.506250 0.445833 0.053125 0.091667
0 0.385156 0.458333 0.060937 0.100000
9 0.566406 0.352778 0.045312 0.088889
0 0.508594 0.380556 0.045312 0.066667
7 0.459375 0.345833 0.037500 0.086111
9 0.414062 0.368056 0.046875 0.097222
3 0.380469 0.347222 0.026562 0.066667
6 0.344531 0.320833 0.039062 0.091667
0 0.324219 0.438889 0.054688 0.094444
0 0.525000 0.312500 0.028125 0.047222
3 0.493750 0.338889 0.028125 0.066667
7 0.450781 0.309722 0.032813 0.063889
7 0.410938 0.280556 0.031250 0.050000
0 0.408594 0.312500 0.035937 0.047222
0 0.372656 0.281944 0.026562 0.041667
12 0.406250 0.237500 0.018750 0.030556
6 0.442188 0.258333 0.021875 0.061111
9 0.468750 0.245833 0.021875 0.041667
3 0.558594 0.297222 0.020313 0.022222
3 0.546875 0.287500 0.018750 0.036111
3 0.525781 0.280556 0.023438 0.033333
14 0.510156 0.247222 0.023438 0.038889
6 0.492188 0.304167 0.028125 0.047222
9 0.487500 0.281944 0.034375 0.058333
1 0.462500 0.195833 0.021875 0.041667
1 0.480469 0.188889 0.020313 0.044444
1 0.457031 0.162500 0.017188 0.030556
1 0.432031 0.162500 0.014063 0.019444
9 0.409375 0.211111 0.015625 0.022222
6 0.401562 0.188889 0.012500 0.016667
7 0.376563 0.240278 0.021875 0.036111
0 0.372656 0.259722 0.020313 0.019444
0 0.368750 0.301389 0.012500 0.041667
8 0.386719 0.220833 0.017188 0.019444
0 0.385937 0.229167 0.015625 0.025000
9 0.432812 0.202778 0.012500 0.022222
17 0.094531 0.311111 0.095312 0.111111
0 0.267969 0.280556 0.029687 0.038889
3 0.306250 0.247222 0.015625 0.033333
3 0.339844 0.206944 0.010937 0.019444
2 0.296875 0.212500 0.006250 0.019444
2 0.320312 0.226389 0.006250 0.025000
2 0.210156 0.306944 0.014063 0.047222
2 0.225000 0.291667 0.012500 0.044444
2 0.194531 0.347222 0.020313 0.066667
2 0.238281 0.345833 0.014063 0.063889
2 0.161719 0.343056 0.017188 0.063889
4 0.759375 0.456944 0.059375 0.108333
4 0.817969 0.470833 0.064062 0.119444
4 0.869531 0.473611 0.054688 0.102778
4 0.892188 0.509722 0.043750 0.108333
0 0.022656 0.365278 0.042188 0.058333
2 0.276562 0.248611 0.009375 0.030556
4 0.341406 0.181944 0.004687 0.019444