3 0.067187 0.743056 0.071875 0.141667
3 0.235156 0.723611 0.060937 0.125000
3 0.247656 0.647222 0.042188 0.083333
3 0.285156 0.568056 0.029687 0.069444
3 0.110937 0.637500 0.062500 0.091667
3 0.167969 0.677778 0.057813 0.105556
0 0.400781 0.597222 0.045312 0.077778
0 0.458594 0.601389 0.045312 0.080556
8 0.510938 0.595833 0.043750 0.086111
9 0.475000 0.518056 0.034375 0.069444
0 0.453906 0.556944 0.035937 0.063889
0 0.408594 0.561111 0.039062 0.066667
6 0.410156 0.504167 0.035937 0.069444
12 0.463281 0.447222 0.017188 0.038889
6 0.499219 0.459722 0.023438 0.058333
9 0.523438 0.445833 0.021875 0.036111
9 0.622656 0.543056 0.039062 0.080556
8 0.636719 0.590278 0.057813 0.080556
0 0.599219 0.620833 0.054688 0.080556
0 0.566406 0.580556 0.045312 0.072222
7 0.517969 0.520833 0.039062 0.052778
0 0.519531 0.562500 0.039062 0.069444
0 0.562500 0.540278 0.034375 0.047222
5 0.393750 0.915278 0.353125 0.163889
4 0.628125 0.930556 0.103125 0.105556
3 0.280469 0.533333 0.029687 0.055556
1 0.191406 0.563889 0.107813 0.127778
8 0.212500 0.613889 0.090625 0.088889
3 0.652344 0.534722 0.026562 0.063889
3 0.614844 0.493056 0.023438 0.025000
3 0.600781 0.481944 0.020313 0.030556
3 0.582031 0.472222 0.026562 0.022222
0 0.578906 0.504167 0.029687 0.041667
14 0.560156 0.444444 0.023438 0.038889
0 0.435156 0.486111 0.020313 0.038889
17 0.174219 0.512500 0.089063 0.097222
0 0.434375 0.486111 0.021875 0.038889
7 0.435937 0.444444 0.021875 0.033333
7 0.432031 0.463889 0.023438 0.016667
9 0.471875 0.434722 0.018750 0.036111
3 0.484375 0.462500 0.015625 0.036111
9 0.541406 0.481944 0.026562 0.058333
1 0.514844 0.395833 0.023438 0.041667
9 0.487500 0.404167 0.015625 0.025000
9 0.471094 0.401389 0.010937 0.019444
9 0.452344 0.408333 0.014063 0.016667
0 0.445312 0.425000 0.015625 0.016667
1 0.532031 0.383333 0.017188 0.027778
1 0.510938 0.379167 0.018750 0.052778
1 0.307031 0.469444 0.054688 0.061111
3 0.299219 0.505556 0.023438 0.044444
0 0.331250 0.537500 0.040625 0.058333
0 0.351562 0.476389 0.034375 0.041667
7 0.399219 0.405556 0.017188 0.022222
7 0.372656 0.429167 0.020313 0.025000
6 0.457813 0.390278 0.012500 0.013889
7 0.473438 0.388889 0.009375 0.016667
9 0.487500 0.384722 0.009375 0.019444
0 0.421094 0.398611 0.014063 0.019444
3 0.086719 0.581944 0.051562 0.080556