0 0.646875 0.784722 0.218750 0.213889
3 0.459375 0.531944 0.046875 0.119444
2 0.414844 0.433333 0.026562 0.066667
2 0.213281 0.704167 0.054688 0.152778
2 0.148438 0.548611 0.059375 0.091667
2 0.032813 0.868056 0.062500 0.141667
2 0.462500 0.393056 0.018750 0.063889
0 0.607031 0.418056 0.045312 0.075000
0 0.670312 0.430556 0.043750 0.083333
0 0.825000 0.462500 0.059375 0.091667
0 0.814844 0.337500 0.035937 0.047222
0 0.827344 0.356944 0.026562 0.047222
3 0.496094 0.343056 0.023438 0.052778
0 0.618750 0.383333 0.040625 0.061111
6 0.622656 0.329167 0.035937 0.075000
3 0.657031 0.354167 0.023438 0.052778
9 0.689844 0.348611 0.039062 0.086111
8 0.724219 0.431944 0.048438 0.102778
8 0.339844 0.381944 0.045312 0.052778
17 0.404687 0.338889 0.078125 0.100000
8 0.870313 0.429167 0.062500 0.097222
4 0.968750 0.502778 0.053125 0.122222
0 0.789844 0.416667 0.048438 0.083333
8 0.737500 0.387500 0.046875 0.069444
0 0.786719 0.366667 0.042188 0.038889
9 0.769531 0.305556 0.026562 0.055556
9 0.730469 0.330556 0.035937 0.072222
12 0.685937 0.265278 0.018750 0.041667
1 0.744531 0.179167 0.020313 0.025000
9 0.750781 0.268056 0.023438 0.041667
9 0.689063 0.236111 0.015625 0.022222
9 0.695312 0.254167 0.018750 0.030556
6 0.682813 0.213889 0.012500 0.016667
7 0.656250 0.262500 0.021875 0.036111
0 0.650000 0.305556 0.018750 0.027778
0 0.652344 0.290278 0.023438 0.025000
9 0.714063 0.223611 0.015625 0.019444
6 0.725000 0.280556 0.028125 0.061111
3 0.704688 0.284722 0.012500 0.041667
1 0.747656 0.219444 0.023438 0.044444
1 0.768750 0.204167 0.021875 0.041667
14 0.800781 0.262500 0.029687 0.041667
7 0.814063 0.280556 0.021875 0.022222
0 0.798438 0.301389 0.025000 0.041667
9 0.696875 0.222222 0.012500 0.016667
7 0.666406 0.247222 0.017188 0.022222
7 0.676562 0.227778 0.015625 0.022222
7 0.721094 0.216667 0.010937 0.016667
3 0.842187 0.311111 0.021875 0.038889
3 0.857031 0.320833 0.026562 0.025000
4 0.607031 0.225000 0.007812 0.016667
0 0.653906 0.190278 0.007812 0.019444
9 0.860156 0.361111 0.042188 0.061111
3 0.772656 0.337500 0.023438 0.036111
7 0.738281 0.344444 0.039062 0.044444