19 0.057031 0.869444 0.110937 0.138889
4 0.094531 0.887500 0.070312 0.130556
4 0.275781 0.862500 0.073438 0.175000
6 0.046094 0.593056 0.064062 0.080556
4 0.090625 0.740278 0.068750 0.108333
4 0.028906 0.662500 0.042188 0.108333
4 0.036719 0.768056 0.070312 0.102778
4 0.148438 0.809722 0.053125 0.163889
0 0.270313 0.755556 0.125000 0.116667
0 0.046875 0.537500 0.050000 0.041667
0 0.208594 0.581944 0.073438 0.080556
0 0.597656 0.865278 0.182812 0.197222
0 0.806250 0.662500 0.071875 0.136111
0 0.761719 0.481944 0.045312 0.069444
17 0.836719 0.441667 0.089063 0.127778
4 0.961719 0.884722 0.067187 0.213889
3 0.935937 0.698611 0.084375 0.152778
4 0.789844 0.787500 0.132812 0.180556
4 0.675781 0.659722 0.082812 0.158333
1 0.463281 0.633333 0.251563 0.255556
7 0.427344 0.865278 0.192188 0.236111