3 0.357031 0.923611 0.073438 0.141667
3 0.803125 0.876389 0.090625 0.169444
3 0.745313 0.693056 0.056250 0.108333
3 0.726562 0.648611 0.046875 0.080556
3 0.712500 0.616667 0.043750 0.066667
3 0.683594 0.594444 0.035937 0.061111
3 0.685156 0.548611 0.032813 0.025000
3 0.755469 0.570833 0.035937 0.030556
3 0.375781 0.652778 0.035937 0.083333
3 0.176563 0.675000 0.050000 0.072222
3 0.180469 0.626389 0.042188 0.025000
0 0.252344 0.573611 0.042188 0.047222
1 0.184375 0.836111 0.181250 0.316667
0 0.469531 0.736111 0.064062 0.111111
0 0.389844 0.512500 0.023438 0.036111
0 0.402344 0.431944 0.010937 0.019444
0 0.404687 0.408333 0.006250 0.011111
0 0.421094 0.412500 0.007812 0.008333
8 0.941406 0.881944 0.110937 0.197222
0 0.889844 0.734722 0.107813 0.113889
0 0.843750 0.790278 0.112500 0.152778
0 0.820312 0.673611 0.068750 0.086111
0 0.675781 0.695833 0.082812 0.097222
0 0.632812 0.768056 0.081250 0.141667
7 0.706250 0.841667 0.140625 0.194444
0 0.726562 0.784722 0.096875 0.130556
0 0.896875 0.951389 0.150000 0.080556
7 0.961719 0.720833 0.067187 0.108333
8 0.889062 0.662500 0.096875 0.108333
0 0.760938 0.622222 0.071875 0.088889
0 0.712500 0.573611 0.040625 0.025000
2 0.571875 0.693056 0.031250 0.102778
2 0.602344 0.687500 0.023438 0.097222
2 0.619531 0.661111 0.014063 0.066667
2 0.631250 0.672222 0.018750 0.050000
3 0.662500 0.626389 0.050000 0.047222
7 0.609375 0.611111 0.056250 0.077778
3 0.728906 0.558333 0.035937 0.038889
3 0.686719 0.551389 0.035937 0.036111
0 0.571875 0.656944 0.062500 0.091667
0 0.652344 0.598611 0.054688 0.047222
0 0.547656 0.606944 0.048438 0.069444
0 0.578125 0.581944 0.040625 0.052778
0 0.554688 0.551389 0.037500 0.041667
0 0.528906 0.572222 0.039062 0.061111
0 0.642969 0.554167 0.045312 0.052778
0 0.592969 0.537500 0.039062 0.036111
0 0.647656 0.525000 0.032813 0.022222
3 0.603125 0.516667 0.021875 0.022222
8 0.571875 0.519444 0.031250 0.038889
3 0.540625 0.526389 0.021875 0.036111
9 0.503125 0.522222 0.034375 0.061111
1 0.567969 0.461111 0.054688 0.050000
0 0.617969 0.511111 0.026562 0.033333
0 0.574219 0.498611 0.023438 0.025000
0 0.541406 0.493056 0.023438 0.025000
0 0.619531 0.534722 0.026562 0.025000
0 0.550000 0.511111 0.021875 0.027778
6 0.535156 0.465278 0.026562 0.036111
3 0.663281 0.537500 0.026562 0.036111
3 0.596875 0.506944 0.018750 0.025000
2 0.477344 0.880556 0.039062 0.144444
6 0.421875 0.436111 0.015625 0.038889
0 0.510156 0.551389 0.032813 0.047222
7 0.479687 0.487500 0.018750 0.041667
9 0.492188 0.459722 0.018750 0.030556
1 0.500000 0.422222 0.021875 0.027778
3 0.511719 0.466667 0.014063 0.022222
8 0.461719 0.462500 0.007812 0.036111
6 0.452344 0.425000 0.010937 0.016667
0 0.457031 0.448611 0.014063 0.025000
6 0.484375 0.430556 0.015625 0.022222
3 0.075000 0.806944 0.078125 0.130556