0 0.670312 0.949123 0.334375 0.087719
8 0.899219 0.624561 0.192188 0.294737
0 0.145313 0.738596 0.225000 0.319298
10 0.052344 0.540351 0.095312 0.210526
0 0.042969 0.342105 0.085938 0.164912
0 0.164844 0.226316 0.067187 0.122807
0 0.191406 0.131579 0.048438 0.087719
0 0.323437 0.240351 0.046875 0.115789
0 0.392188 0.256140 0.050000 0.140351
8 0.453906 0.257895 0.051562 0.143860
0 0.563281 0.310526 0.070312 0.136842
0 0.563281 0.161404 0.042188 0.084211
0 0.525000 0.236842 0.053125 0.115789
0 0.519531 0.177193 0.045312 0.094737
0 0.335938 0.178947 0.043750 0.084211
0 0.388281 0.187719 0.042188 0.087719
0 0.367188 0.077193 0.021875 0.049123
0 0.364844 0.045614 0.023438 0.035088
0 0.527344 0.080702 0.023438 0.056140
0 0.542969 0.128070 0.035937 0.073684
3 0.633594 0.180702 0.035937 0.094737
3 0.588281 0.112281 0.026562 0.035088
3 0.571094 0.094737 0.023438 0.049123
3 0.550000 0.080702 0.031250 0.042105
3 0.503125 0.147368 0.028125 0.084211
8 0.466406 0.205263 0.048438 0.108772
7 0.466406 0.145614 0.042188 0.087719
7 0.495312 0.080702 0.031250 0.077193
9 0.454688 0.114035 0.034375 0.094737
9 0.411719 0.135088 0.042188 0.108772
7 0.407031 0.073684 0.035937 0.077193
6 0.446094 0.045614 0.029687 0.084211
9 0.474219 0.031579 0.023438 0.063158
14 0.526563 0.035088 0.031250 0.063158
8 0.539844 0.049123 0.023438 0.028070
7 0.368750 0.015789 0.025000 0.031579
12 0.402344 0.022807 0.023438 0.045614
3 0.425000 0.045614 0.015625 0.049123
7 0.493750 0.022807 0.012500 0.031579
3 0.376563 0.149123 0.025000 0.080702
6 0.339062 0.107018 0.040625 0.108772
0 0.081250 0.473684 0.109375 0.168421
17 0.058594 0.110526 0.107813 0.171930
10 0.106250 0.156140 0.015625 0.087719
2 0.153125 0.110526 0.015625 0.073684