3 0.088281 0.848611 0.129688 0.169444
3 0.807813 0.908333 0.140625 0.161111
17 0.133594 0.505556 0.092188 0.105556
8 0.054688 0.556944 0.053125 0.058333
4 0.545312 0.804167 0.093750 0.147222
4 0.445312 0.772222 0.093750 0.133333
4 0.292969 0.787500 0.104688 0.130556
4 0.147656 0.729167 0.098437 0.113889
4 0.242969 0.695833 0.089063 0.113889
4 0.353906 0.726389 0.160938 0.119444
4 0.679688 0.695833 0.065625 0.102778
4 0.900781 0.716667 0.054688 0.100000
4 0.935156 0.838889 0.051562 0.144444
0 0.361719 0.595833 0.042188 0.075000
0 0.421875 0.604167 0.046875 0.075000
8 0.471875 0.604167 0.043750 0.086111
0 0.558594 0.641667 0.054688 0.088889
8 0.597656 0.613889 0.054688 0.083333
9 0.589063 0.556944 0.034375 0.069444
0 0.532813 0.590278 0.040625 0.069444
3 0.514844 0.534722 0.020313 0.052778
7 0.484375 0.570833 0.037500 0.063889
9 0.440625 0.530556 0.034375 0.077778
0 0.371094 0.556944 0.039062 0.058333
6 0.377344 0.505556 0.035937 0.066667
12 0.435937 0.454167 0.018750 0.041667
7 0.476562 0.512500 0.028125 0.063889
7 0.483594 0.536111 0.035937 0.055556
0 0.527344 0.554167 0.035937 0.047222
0 0.550000 0.526389 0.028125 0.047222
9 0.511719 0.493056 0.029687 0.052778
6 0.471875 0.468056 0.021875 0.058333
9 0.442188 0.526389 0.034375 0.075000
7 0.439063 0.483333 0.028125 0.038889
9 0.496875 0.458333 0.021875 0.038889
14 0.536719 0.459722 0.023438 0.036111
3 0.573438 0.504167 0.018750 0.036111
3 0.587500 0.512500 0.025000 0.019444
3 0.552344 0.493056 0.023438 0.030556
9 0.537500 0.493056 0.018750 0.036111
1 0.491406 0.409722 0.020313 0.036111
1 0.508594 0.401389 0.017188 0.036111
1 0.488281 0.380556 0.014063 0.027778
1 0.464062 0.380556 0.012500 0.022222
0 0.403906 0.488889 0.020313 0.033333
0 0.403906 0.465278 0.017188 0.013889
0 0.403906 0.458333 0.020313 0.011111
7 0.408594 0.447222 0.020313 0.033333
7 0.440625 0.423611 0.015625 0.019444
9 0.428125 0.412500 0.012500 0.013889
6 0.432812 0.402778 0.012500 0.016667
9 0.446094 0.409722 0.010937 0.019444
9 0.461719 0.416667 0.010937 0.016667
5 0.467187 0.433333 0.018750 0.011111
7 0.420312 0.429167 0.015625 0.019444
8 0.382031 0.409722 0.010937 0.019444
4 0.312500 0.427778 0.012500 0.027778