6 0.371094 0.297222 0.032813 0.088889
0 0.298438 0.329167 0.028125 0.041667
3 0.102344 0.491667 0.064062 0.094444
0 0.186719 0.365278 0.045312 0.041667
1 0.050781 0.891667 0.101562 0.200000
3 0.115625 0.430556 0.046875 0.038889
3 0.733594 0.643056 0.082812 0.158333
3 0.680469 0.468056 0.051562 0.091667
3 0.665625 0.436111 0.046875 0.077778
3 0.627344 0.337500 0.029687 0.030556
3 0.663281 0.341667 0.029687 0.038889
3 0.628125 0.377778 0.031250 0.044444
7 0.640625 0.647222 0.134375 0.238889
7 0.553906 0.400000 0.054688 0.072222
8 0.536719 0.326389 0.039062 0.036111
0 0.569531 0.550000 0.076563 0.127778
2 0.516406 0.484722 0.026562 0.102778
0 0.741406 0.875000 0.151562 0.238889
0 0.782813 0.747222 0.071875 0.155556
0 0.769531 0.562500 0.098437 0.141667
0 0.665625 0.559722 0.090625 0.113889
0 0.753906 0.458333 0.067187 0.083333
8 0.791406 0.500000 0.051562 0.083333
8 0.796094 0.419444 0.042188 0.061111
0 0.696094 0.401389 0.067187 0.075000
0 0.513281 0.450000 0.057813 0.088889
0 0.489844 0.401389 0.048438 0.069444
0 0.473438 0.368056 0.034375 0.063889
8 0.536719 0.329167 0.039062 0.036111
8 0.588281 0.343056 0.042188 0.052778
3 0.589844 0.313889 0.023438 0.027778
3 0.627344 0.315278 0.023438 0.013889
3 0.548438 0.304167 0.021875 0.019444
8 0.515625 0.308333 0.031250 0.033333
3 0.483594 0.318056 0.020313 0.036111
9 0.446875 0.313889 0.031250 0.061111
1 0.498437 0.245833 0.043750 0.047222
8 0.519531 0.287500 0.023438 0.025000
6 0.478906 0.254167 0.026562 0.030556
0 0.346094 0.258333 0.020313 0.027778
7 0.423438 0.276389 0.021875 0.041667
9 0.435937 0.251389 0.018750 0.030556
0 0.473438 0.313889 0.021875 0.033333
0 0.497656 0.347222 0.035937 0.044444
0 0.522656 0.369444 0.035937 0.050000
0 0.558594 0.359722 0.045312 0.036111
0 0.576562 0.301389 0.028125 0.019444
1 0.443750 0.206944 0.025000 0.030556
3 0.026562 0.595833 0.053125 0.086111
7 0.921875 0.506944 0.134375 0.141667
7 0.903906 0.681944 0.185938 0.241667
8 0.868750 0.823611 0.228125 0.302778
2 0.309375 0.216667 0.006250 0.016667
3 0.316406 0.208333 0.007812 0.016667
3 0.329688 0.204167 0.006250 0.013889