8 0.888281 0.913889 0.185938 0.166667
0 0.643750 0.894444 0.156250 0.205556
0 0.708594 0.681944 0.101562 0.191667
3 0.838281 0.623611 0.092188 0.086111
3 0.791406 0.595833 0.079687 0.147222
3 0.721094 0.556944 0.079687 0.125000
3 0.579688 0.695833 0.078125 0.175000
3 0.356250 0.476389 0.056250 0.141667
3 0.193750 0.716667 0.081250 0.194444
3 0.375000 0.351389 0.040625 0.086111
3 0.149219 0.193056 0.026562 0.063889
0 0.048438 0.908333 0.093750 0.177778
0 0.239063 0.918056 0.159375 0.158333
8 0.425000 0.904167 0.159375 0.180556
7 0.465625 0.845833 0.156250 0.252778
7 0.469531 0.698611 0.135937 0.202778
7 0.439063 0.630556 0.115625 0.205556
9 0.309375 0.683333 0.134375 0.266667
7 0.303125 0.548611 0.109375 0.208333
12 0.286719 0.406944 0.076563 0.130556
14 0.664062 0.429167 0.084375 0.147222
9 0.565625 0.545833 0.096875 0.180556
9 0.510156 0.426389 0.082812 0.141667
1 0.492969 0.259722 0.073438 0.147222
1 0.557031 0.215278 0.073438 0.141667
1 0.481250 0.154167 0.065625 0.141667
9 0.382031 0.268056 0.045312 0.069444
9 0.319531 0.376389 0.060937 0.136111
9 0.324219 0.268056 0.042188 0.080556
9 0.302344 0.308333 0.054688 0.077778
5 0.406250 0.368056 0.071875 0.102778
6 0.417969 0.448611 0.089063 0.180556
6 0.272656 0.225000 0.042188 0.077778
8 0.228125 0.331944 0.053125 0.075000
9 0.191406 0.397222 0.064062 0.133333
0 0.217969 0.369444 0.057813 0.094444
0 0.177344 0.548611 0.070312 0.130556
0 0.175000 0.488889 0.084375 0.094444
0 0.175000 0.443056 0.084375 0.069444
6 0.074219 0.613889 0.120313 0.255556
0 0.065625 0.812500 0.131250 0.230556
9 0.857812 0.786111 0.140625 0.250000
0 0.757031 0.741667 0.082812 0.177778
8 0.658594 0.551389 0.070312 0.141667
9 0.339062 0.191667 0.031250 0.033333
7 0.403125 0.204167 0.037500 0.030556
1 0.389062 0.131944 0.046875 0.069444
1 0.313281 0.113889 0.042188 0.077778
9 0.301563 0.188889 0.037500 0.050000
0 0.353906 0.156944 0.026562 0.030556
1 0.440625 0.161111 0.018750 0.061111
2 0.063281 0.237500 0.020313 0.063889
2 0.057813 0.315278 0.050000 0.075000
0 0.178125 0.205556 0.040625 0.044444
7 0.215625 0.094444 0.018750 0.038889
3 0.184375 0.098611 0.015625 0.030556
1 0.395313 0.052778 0.031250 0.044444
1 0.357031 0.073611 0.032813 0.047222
1 0.367969 0.081944 0.035937 0.030556
1 0.401562 0.081944 0.031250 0.025000
1 0.303906 0.054167 0.026562 0.030556