0 0.848958 0.455469 0.297917 0.295312
0 0.376042 0.310156 0.143750 0.067187
0 0.415625 0.296094 0.068750 0.045312
0 0.083333 0.296875 0.070833 0.040625
0 0.182292 0.288281 0.043750 0.029687
2 0.234375 0.295312 0.031250 0.046875
0 0.276042 0.286719 0.031250 0.026562
3 0.113542 0.289062 0.043750 0.040625
10 0.030208 0.291406 0.022917 0.042188
2 0.151042 0.282813 0.018750 0.028125
1 0.086458 0.263281 0.022917 0.007812
6 0.179167 0.263281 0.041667 0.020313
2 0.211458 0.289844 0.027083 0.045312
1 0.114583 0.261719 0.025000 0.010937
0 0.253125 0.290625 0.047917 0.037500
1 0.304167 0.265625 0.033333 0.012500