0 0.209375 0.701389 0.090625 0.152778
0 0.335938 0.713889 0.090625 0.172222
8 0.444531 0.716667 0.089063 0.183333
0 0.628125 0.772222 0.112500 0.172222
8 0.714063 0.711111 0.109375 0.166667
9 0.689844 0.601389 0.073438 0.141667
0 0.632031 0.576389 0.045312 0.097222
9 0.378125 0.543056 0.059375 0.141667
7 0.469531 0.647222 0.076563 0.155556
0 0.234375 0.623611 0.081250 0.130556
6 0.245312 0.504167 0.068750 0.136111
6 0.297656 0.469444 0.042188 0.077778
3 0.309375 0.565278 0.043750 0.108333
6 0.439063 0.420833 0.050000 0.130556
7 0.450781 0.516667 0.054688 0.116667
7 0.469531 0.554167 0.073438 0.113889
3 0.532813 0.551389 0.043750 0.097222
0 0.567969 0.676389 0.085938 0.147222
3 0.680469 0.511111 0.048438 0.044444
3 0.653906 0.481944 0.039062 0.058333
3 0.613281 0.475000 0.045312 0.066667
9 0.526563 0.479167 0.062500 0.113889
6 0.539062 0.509722 0.050000 0.069444
0 0.560937 0.598611 0.081250 0.091667
0 0.605469 0.534722 0.067187 0.086111
8 0.578125 0.470833 0.037500 0.080556
9 0.489844 0.398611 0.042188 0.080556
3 0.403125 0.422222 0.025000 0.066667
7 0.371875 0.463889 0.056250 0.105556
12 0.361719 0.388889 0.039062 0.066667
9 0.380469 0.370833 0.035937 0.069444
7 0.305469 0.379167 0.042188 0.069444
0 0.298438 0.427778 0.043750 0.033333
0 0.294531 0.427778 0.042188 0.033333
0 0.322656 0.369444 0.032813 0.055556
7 0.327344 0.351389 0.032813 0.047222
9 0.346875 0.312500 0.031250 0.041667
0 0.086719 0.468056 0.070312 0.080556
9 0.417969 0.315278 0.029687 0.041667
1 0.481250 0.298611 0.046875 0.086111
1 0.473438 0.254167 0.037500 0.097222
1 0.517188 0.281944 0.037500 0.080556
14 0.579688 0.397222 0.050000 0.066667
0 0.576562 0.468056 0.046875 0.075000
8 0.600781 0.425000 0.042188 0.033333
7 0.545312 0.362500 0.034375 0.036111
0 0.502344 0.358333 0.035937 0.022222
9 0.521094 0.318056 0.023438 0.041667
8 0.524219 0.337500 0.026562 0.030556
0 0.233594 0.331944 0.026562 0.030556
1 0.419531 0.231944 0.026562 0.041667
9 0.429688 0.300000 0.028125 0.033333
6 0.355469 0.281944 0.023438 0.036111
6 0.393750 0.269444 0.025000 0.033333
9 0.384375 0.311111 0.025000 0.044444
7 0.421094 0.270833 0.023438 0.030556
1 0.375781 0.223611 0.023438 0.041667
0 0.012500 0.619444 0.025000 0.100000
2 0.146875 0.345833 0.012500 0.058333