7 0.392188 0.826389 0.209375 0.208333
2 0.341406 0.944444 0.154688 0.105556
0 0.714063 0.869444 0.203125 0.222222
7 0.820312 0.879167 0.237500 0.230556
8 0.930469 0.706944 0.132812 0.180556
6 0.470313 0.673611 0.128125 0.147222
4 0.602344 0.565278 0.064062 0.108333
8 0.569531 0.448611 0.079687 0.075000
7 0.699219 0.451389 0.070312 0.058333
18 0.721094 0.522222 0.039062 0.055556
10 0.789062 0.598611 0.056250 0.091667
10 0.885156 0.598611 0.054688 0.097222
0 0.131250 0.595833 0.071875 0.108333
0 0.170313 0.543056 0.065625 0.080556
9 0.153906 0.494444 0.048438 0.083333
8 0.022656 0.584722 0.045312 0.113889
0 0.087500 0.551389 0.056250 0.086111
0 0.078125 0.504167 0.050000 0.058333
0 0.097656 0.459722 0.035937 0.047222
7 0.045312 0.431944 0.043750 0.063889
3 0.184375 0.487500 0.037500 0.069444
0 0.089063 0.548611 0.056250 0.080556
0 0.025781 0.536111 0.051562 0.072222
9 0.019531 0.402778 0.035937 0.050000
14 0.072656 0.395833 0.035937 0.052778
3 0.125000 0.437500 0.031250 0.036111