0 0.642969 0.884722 0.139063 0.225000
0 0.650781 0.516667 0.092188 0.116667
0 0.894531 0.604167 0.189062 0.119444
0 0.059375 0.663889 0.118750 0.138889
6 0.150000 0.500000 0.093750 0.111111
0 0.200000 0.418056 0.053125 0.052778
2 0.217188 0.445833 0.021875 0.069444
8 0.107813 0.470833 0.065625 0.086111
0 0.102344 0.448611 0.064062 0.069444
0 0.030469 0.600000 0.060937 0.077778
17 0.085156 0.386111 0.095312 0.111111
0 0.024219 0.518056 0.048438 0.086111
2 0.110156 0.865278 0.079687 0.191667
8 0.215625 0.875000 0.143750 0.244444
2 0.040625 0.947222 0.071875 0.100000
3 0.314844 0.680556 0.064062 0.172222
9 0.385156 0.826389 0.123438 0.330556
3 0.507812 0.815278 0.084375 0.236111
3 0.565625 0.701389 0.071875 0.180556
3 0.482812 0.679167 0.059375 0.147222
3 0.440625 0.631944 0.050000 0.152778
3 0.376563 0.598611 0.050000 0.136111
3 0.474219 0.554167 0.039062 0.102778
0 0.587500 0.447222 0.046875 0.088889
1 0.524219 0.447222 0.089063 0.200000
7 0.453125 0.476389 0.046875 0.119444
9 0.320312 0.501389 0.062500 0.141667
7 0.397656 0.516667 0.054688 0.127778
9 0.384375 0.465278 0.053125 0.130556
0 0.386719 0.405556 0.035937 0.066667
9 0.435937 0.420833 0.040625 0.091667
0 0.455469 0.355556 0.029687 0.050000
0 0.421875 0.368056 0.031250 0.047222
0 0.418750 0.341667 0.025000 0.033333
8 0.385156 0.355556 0.035937 0.055556
6 0.348438 0.359722 0.028125 0.080556
0 0.330469 0.423611 0.045312 0.047222
0 0.386719 0.318056 0.023438 0.036111
0 0.379688 0.287500 0.018750 0.025000
9 0.400781 0.293056 0.017188 0.036111
7 0.440625 0.298611 0.025000 0.036111
7 0.453906 0.329167 0.026562 0.047222
7 0.455469 0.290278 0.020313 0.030556
9 0.469531 0.273611 0.017188 0.030556
0 0.487500 0.305556 0.015625 0.033333
1 0.503125 0.331944 0.043750 0.041667
1 0.508594 0.318056 0.045312 0.063889
1 0.447656 0.250000 0.020313 0.066667
1 0.470313 0.250000 0.018750 0.038889
7 0.426563 0.284722 0.018750 0.030556
9 0.404687 0.270833 0.015625 0.019444
0 0.419531 0.266667 0.010937 0.022222
7 0.440625 0.298611 0.025000 0.036111
7 0.385156 0.270833 0.017188 0.025000
3 0.200781 0.359722 0.029687 0.052778
0 0.257031 0.375000 0.035937 0.044444
3 0.268750 0.326389 0.021875 0.036111
4 0.747656 0.512500 0.060937 0.113889
4 0.824219 0.518056 0.076563 0.108333
4 0.867188 0.512500 0.025000 0.075000
8 0.016406 0.441667 0.032813 0.061111
2 0.209375 0.309722 0.015625 0.036111
3 0.253906 0.320833 0.017188 0.041667
3 0.283594 0.311111 0.017188 0.033333
7 0.294531 0.327778 0.026562 0.038889
8 0.301563 0.293056 0.021875 0.030556
0 0.319531 0.284722 0.017188 0.025000
3 0.332813 0.263889 0.009375 0.022222
7 0.361719 0.255556 0.010937 0.016667
0 0.348438 0.256944 0.012500 0.019444
0 0.361719 0.338889 0.020313 0.038889
9 0.392969 0.251389 0.010937 0.008333
7 0.432031 0.258333 0.010937 0.016667
2 0.140625 0.404167 0.021875 0.058333