4 0.325000 0.606944 0.334375 0.730556
4 0.688281 0.437500 0.201563 0.536111
1 0.137500 0.419444 0.275000 0.838889
4 0.573438 0.262500 0.106250 0.319444
6 0.450781 0.187500 0.148438 0.258333
1 0.267969 0.101389 0.154688 0.202778
1 0.364063 0.070833 0.137500 0.119444
1 0.517969 0.113889 0.110937 0.166667
4 0.632812 0.165278 0.059375 0.097222
5 0.833594 0.181944 0.229687 0.308333
2 0.939063 0.284722 0.112500 0.225000
7 0.675781 0.134722 0.070312 0.091667
1 0.613281 0.090278 0.051562 0.091667
4 0.262500 0.170833 0.087500 0.147222