0 0.603125 0.490625 0.356250 0.128125
0 0.505208 0.443750 0.139583 0.056250
0 0.077083 0.444531 0.125000 0.060937
2 0.238542 0.438281 0.039583 0.057813
2 0.198958 0.432812 0.039583 0.056250
2 0.157292 0.422656 0.018750 0.035937
3 0.096875 0.414844 0.052083 0.026562
1 0.058333 0.398438 0.029167 0.012500
2 0.029167 0.420312 0.020833 0.031250
0 0.009375 0.413281 0.018750 0.017188
1 0.033333 0.400000 0.020833 0.009375
0 0.134375 0.427344 0.027083 0.035937
6 0.145833 0.407031 0.045833 0.035937
0 0.175000 0.417187 0.016667 0.018750
1 0.220833 0.403906 0.033333 0.014063
0 0.055208 0.410938 0.027083 0.009375
0 0.244792 0.432812 0.068750 0.043750