0 0.294531 0.884722 0.554688 0.225000
7 0.443750 0.776389 0.171875 0.225000
3 0.821094 0.772222 0.132812 0.172222
2 0.595313 0.738889 0.031250 0.100000
4 0.720313 0.731944 0.043750 0.091667
4 0.519531 0.747222 0.054688 0.122222
16 0.146094 0.747222 0.092188 0.111111
4 0.165625 0.790278 0.212500 0.169444
3 0.282031 0.731944 0.045312 0.086111
7 0.329688 0.718056 0.059375 0.086111
16 0.153125 0.750000 0.084375 0.133333
2 0.303906 0.737500 0.045312 0.091667
1 0.275781 0.675000 0.020313 0.022222
4 0.067187 0.740278 0.090625 0.141667
0 0.106250 0.695833 0.018750 0.030556