9 0.196094 0.908333 0.123438 0.161111
0 0.392188 0.918056 0.234375 0.147222
0 0.538281 0.886111 0.223438 0.200000
8 0.830469 0.937500 0.285938 0.102778
0 0.225781 0.731944 0.182812 0.147222
4 0.133594 0.634722 0.114062 0.125000
4 0.270313 0.623611 0.068750 0.102778
4 0.348438 0.656944 0.093750 0.119444
4 0.476562 0.670833 0.090625 0.125000
4 0.500781 0.637500 0.076563 0.113889
3 0.205469 0.426389 0.029687 0.058333
2 0.148438 0.461111 0.021875 0.061111
2 0.169531 0.416667 0.017188 0.050000
0 0.328125 0.504167 0.046875 0.075000
0 0.386719 0.506944 0.045312 0.080556
8 0.438281 0.504167 0.042188 0.086111
4 0.875000 0.595833 0.071875 0.108333
0 0.527344 0.534722 0.054688 0.080556
0 0.566406 0.504167 0.054688 0.080556
9 0.555469 0.456944 0.035937 0.080556
0 0.497656 0.490278 0.039062 0.069444
0 0.517969 0.423611 0.029687 0.047222
3 0.552344 0.406944 0.020313 0.019444
3 0.540625 0.400000 0.018750 0.033333
3 0.482812 0.429167 0.021875 0.047222
9 0.478125 0.390278 0.025000 0.058333
9 0.460938 0.354167 0.021875 0.036111
0 0.492969 0.456944 0.035937 0.052778
0 0.528906 0.441667 0.023438 0.044444
0 0.336719 0.463889 0.039062 0.061111
0 0.384375 0.461111 0.040625 0.050000
3 0.376563 0.431944 0.021875 0.047222
9 0.405469 0.426389 0.035937 0.075000
7 0.451562 0.430556 0.031250 0.055556
7 0.449219 0.472222 0.039062 0.066667
7 0.442188 0.409722 0.028125 0.063889
6 0.435156 0.365278 0.023438 0.058333
3 0.420312 0.368056 0.012500 0.036111
3 0.518750 0.390278 0.021875 0.030556
14 0.503906 0.356944 0.023438 0.041667
6 0.485938 0.408333 0.025000 0.033333
0 0.502344 0.388889 0.020313 0.033333
9 0.409375 0.337500 0.015625 0.030556
12 0.399219 0.345833 0.017188 0.030556
7 0.402344 0.381944 0.029687 0.047222
6 0.341406 0.404167 0.035937 0.063889
0 0.368750 0.388889 0.018750 0.033333
0 0.367188 0.369444 0.021875 0.016667
7 0.369531 0.344444 0.020313 0.033333
1 0.455469 0.305556 0.020313 0.038889
1 0.474219 0.294444 0.020313 0.027778
7 0.402344 0.322222 0.014063 0.022222
0 0.380469 0.329167 0.017188 0.019444
5 0.432031 0.331944 0.020313 0.008333
9 0.426563 0.312500 0.012500 0.008333
8 0.475781 0.345833 0.010937 0.019444
7 0.475781 0.315278 0.014063 0.025000
4 0.077344 0.516667 0.042188 0.083333
17 0.083594 0.412500 0.095312 0.108333
0 0.333594 0.315278 0.017188 0.019444
7 0.335156 0.301389 0.017188 0.008333
6 0.396094 0.293056 0.010937 0.013889
9 0.408594 0.308333 0.010937 0.016667
0 0.434375 0.305556 0.009375 0.016667