4 0.213281 0.677778 0.392188 0.633333
6 0.124219 0.447222 0.245312 0.550000
4 0.575781 0.431944 0.157812 0.386111
4 0.377344 0.326389 0.098437 0.230556
4 0.503906 0.354167 0.114062 0.308333
4 0.450000 0.229167 0.056250 0.158333
1 0.929688 0.233333 0.134375 0.466667
5 0.292187 0.195833 0.146875 0.219444
1 0.465625 0.116667 0.078125 0.083333
4 0.761719 0.275000 0.104688 0.222222
4 0.625781 0.181944 0.042188 0.080556
6 0.150781 0.190278 0.157812 0.186111
4 0.673438 0.152778 0.018750 0.050000
4 0.558594 0.152778 0.035937 0.061111