2 0.097656 0.743056 0.035937 0.113889
2 0.169531 0.772222 0.032813 0.127778
2 0.197656 0.738889 0.029687 0.111111
2 0.249219 0.483333 0.017188 0.044444
0 0.066406 0.644444 0.082812 0.083333
2 0.600781 0.858333 0.045312 0.177778
2 0.648438 0.822222 0.046875 0.122222
2 0.698438 0.830556 0.050000 0.088889
2 0.714844 0.548611 0.020313 0.036111
2 0.961719 0.729167 0.026562 0.075000
2 0.821094 0.623611 0.017188 0.041667
3 0.275781 0.583333 0.035937 0.088889
3 0.289844 0.481944 0.020313 0.047222
3 0.746094 0.756944 0.082812 0.091667
3 0.878125 0.863889 0.096875 0.183333
3 0.850000 0.790278 0.081250 0.125000
3 0.782031 0.698611 0.057813 0.102778
3 0.826562 0.741667 0.071875 0.111111
3 0.785156 0.629167 0.051562 0.052778
3 0.860938 0.641667 0.059375 0.066667
3 0.749219 0.604167 0.045312 0.058333
3 0.650000 0.561111 0.040625 0.038889
3 0.897656 0.668056 0.060937 0.058333
8 0.718750 0.631944 0.075000 0.086111
0 0.671875 0.651389 0.075000 0.063889
0 0.603906 0.670833 0.064062 0.091667
0 0.557813 0.709722 0.081250 0.119444
0 0.903906 0.747222 0.123438 0.150000
0 0.972656 0.843056 0.048438 0.141667
0 0.685156 0.931944 0.132812 0.130556
0 0.767969 0.862500 0.132812 0.158333
0 0.846094 0.951389 0.157812 0.086111
0 0.972656 0.948611 0.048438 0.086111
7 0.632031 0.598611 0.067187 0.063889
0 0.675781 0.595833 0.048438 0.052778
0 0.726562 0.580556 0.053125 0.033333
7 0.681250 0.558333 0.050000 0.044444
3 0.636719 0.545833 0.032813 0.041667
7 0.604688 0.534722 0.040625 0.047222
8 0.596875 0.570833 0.053125 0.075000
7 0.659375 0.720833 0.096875 0.130556
0 0.728906 0.711111 0.092188 0.094444
0 0.524219 0.655556 0.060937 0.105556
9 0.481250 0.561111 0.050000 0.100000
0 0.347656 0.601389 0.051562 0.086111
0 0.350781 0.520833 0.045312 0.052778
0 0.346094 0.456944 0.026562 0.041667
0 0.310156 0.412500 0.020313 0.030556
6 0.351562 0.379167 0.015625 0.041667
0 0.330469 0.381944 0.010937 0.019444
0 0.324219 0.373611 0.010937 0.019444
3 0.305469 0.365278 0.010937 0.019444
0 0.595313 0.798611 0.100000 0.158333
1 0.614844 0.473611 0.092188 0.091667
5 0.542188 0.475000 0.050000 0.072222
7 0.449219 0.506944 0.026562 0.069444
7 0.466406 0.465278 0.029687 0.047222
1 0.481250 0.406944 0.043750 0.052778
3 0.502344 0.475000 0.020313 0.033333
6 0.454688 0.412500 0.025000 0.036111
7 0.417969 0.466667 0.020313 0.055556
6 0.402344 0.416667 0.017188 0.044444
7 0.422656 0.404167 0.017188 0.025000
6 0.423438 0.395833 0.018750 0.041667
0 0.548438 0.522222 0.034375 0.038889
0 0.517969 0.569444 0.026562 0.066667
3 0.542969 0.580556 0.039062 0.066667
0 0.494531 0.612500 0.051562 0.080556
1 0.189062 0.601389 0.096875 0.202778