7 0.270313 0.876389 0.215625 0.230556
2 0.399219 0.906944 0.064062 0.169444
0 0.475781 0.731944 0.120313 0.163889
0 0.572656 0.833333 0.132812 0.200000
7 0.607031 0.677778 0.101562 0.161111
8 0.585938 0.606944 0.096875 0.113889
3 0.747656 0.787500 0.057813 0.169444
4 0.659375 0.884722 0.068750 0.225000
3 0.667969 0.568056 0.045312 0.102778
3 0.725781 0.540278 0.035937 0.069444
6 0.701562 0.516667 0.050000 0.072222
5 0.788281 0.500000 0.064062 0.144444
5 0.742188 0.634722 0.103125 0.130556
4 0.703125 0.706944 0.043750 0.136111
4 0.807031 0.659722 0.035937 0.147222
18 0.185156 0.750000 0.067187 0.111111
4 0.156250 0.654167 0.087500 0.108333
8 0.122656 0.536111 0.089063 0.083333
18 0.284375 0.587500 0.037500 0.047222
0 0.748437 0.484722 0.031250 0.069444
0 0.775781 0.565278 0.057813 0.058333
0 0.826562 0.436111 0.031250 0.038889
0 0.843750 0.416667 0.021875 0.033333
0 0.848437 0.520833 0.034375 0.063889
0 0.667969 0.425000 0.045312 0.038889
7 0.267188 0.518056 0.071875 0.063889