4 0.400781 0.688889 0.273438 0.616667
4 0.795312 0.720833 0.325000 0.547222
0 0.242188 0.386111 0.200000 0.188889
0 0.923438 0.487500 0.150000 0.325000
3 0.805469 0.309722 0.060937 0.152778
0 0.345313 0.293056 0.084375 0.052778
7 0.193750 0.263889 0.134375 0.077778
7 0.271094 0.243056 0.151562 0.058333
9 0.333594 0.238889 0.120313 0.066667
1 0.560156 0.173611 0.098437 0.086111
4 0.700000 0.304167 0.062500 0.152778
2 0.872656 0.336111 0.051562 0.144444
7 0.946094 0.275000 0.095312 0.094444
18 0.773438 0.320833 0.050000 0.158333