10 0.891406 0.679666 0.029687 0.055710
10 0.846875 0.676880 0.037500 0.038997
2 0.804688 0.679666 0.031250 0.055710
3 0.728906 0.668524 0.057813 0.077994
2 0.675781 0.682451 0.035937 0.038997
2 0.643750 0.679666 0.031250 0.038997
2 0.619531 0.678273 0.017188 0.030641
0 0.503125 0.658774 0.021875 0.019499
2 0.562500 0.672702 0.012500 0.030641
0 0.228906 0.870474 0.298438 0.247911
0 0.071875 0.845404 0.143750 0.292479
0 0.267969 0.717270 0.089063 0.064067
8 0.055469 0.672702 0.060937 0.058496
8 0.140625 0.703343 0.115625 0.147632
9 0.254688 0.679666 0.075000 0.077994
0 0.198437 0.697772 0.021875 0.075209